0.362, 0.195, 0.639, 0.228, 0.573, 0.743, 0.181, 0.363, 0.774, 0.336, 0.232, 0.674, 0.224, 0.4
0.362, 0.195, 0.639, 0.228, 0.573, 0.743, 0.181, 0.363, 0.774, 0.336, 0.232, 0.674, 0.224, 0.4
0.362, 0.195, 0.639, 0.228, 0.573, 0.743, 0.181, 0.363, 0.774, 0.336, 0.232, 0.674, 0.224, 0.4
0.362, 0.195, 0.639, 0.228, 0.573, 0.743, 0.181, 0.363, 0.774, 0.336, 0.232, 0.674, 0.224, 0.4
0.362, 0.195, 0.639, 0.228, 0.573, 0.743, 0.181, 0.363, 0.774, 0.336, 0.232, 0.674, 0.224, 0.4
0.362, 0.195, 0.639, 0.228, 0.573, 0.743, 0.181, 0.363, 0.774, 0.336, 0.232, 0.674, 0.224, 0.4
0.362, 0.195, 0.639, 0.228, 0.573, 0.743, 0.181, 0.363, 0.774, 0.336, 0.232, 0.674, 0.224, 0.4
0.362, 0.195, 0.639, 0.228, 0.573, 0.743, 0.181, 0.363, 0.774, 0.336, 0.232, 0.674, 0.224, 0.4
0.362, 0.195, 0.639, 0.228, 0.573, 0.743, 0.181, 0.363, 0.774, 0.336, 0.232, 0.674, 0.224, 0.4
0.362, 0.195, 0.639, 0.228, 0.573, 0.743, 0.181, 0.363, 0.774, 0.336, 0.232, 0.674, 0.224, 0.4
0.362, 0.195, 0.639, 0.228, 0.573, 0.743, 0.181, 0.363, 0.774, 0.336, 0.232, 0.674, 0.224, 0.4
0.362, 0.195, 0.639, 0.228, 0.573, 0.743, 0.181, 0.363, 0.774, 0.336, 0.232, 0.674, 0.224, 0.4
0.362, 0.195, 0.639, 0.228, 0.573, 0.743, 0.181, 0.363, 0.774, 0.336, 0.232, 0.674, 0.224, 0.4
0.362, 0.195, 0.639, 0.228, 0.573, 0.743, 0.181, 0.363, 0.774, 0.336, 0.232, 0.674, 0.224, 0.4
0.362, 0.195, 0.639, 0.228, 0.573, 0.743, 0.181, 0.363, 0.774, 0.336, 0.232, 0.674, 0.224, 0.4
0.362, 0.195, 0.639, 0.228, 0.573, 0.743, 0.181, 0.363, 0.774, 0.336, 0.232, 0.674, 0.224, 0.4
0.362, 0.195, 0.639, 0.228, 0.573, 0.743, 0.181, 0.363, 0.774, 0.336, 0.232, 0.674, 0.224, 0.4
0.362, 0.195, 0.639, 0.228, 0.573, 0.743, 0.181, 0.363, 0.774, 0.336, 0.232, 0.674, 0.224, 0.4
0.362, 0.195, 0.639, 0.228, 0.573, 0.743, 0.181, 0.363, 0.774, 0.336, 0.232, 0.674, 0.224, 0.4
0.362, 0.195, 0.639, 0.228, 0.573, 0.743, 0.181, 0.363, 0.774, 0.336, 0.232, 0.674, 0.224, 0.4
0.362, 0.195, 0.639, 0.228, 0.573, 0.743, 0.181, 0.363, 0.774, 0.336, 0.232, 0.674, 0.224, 0.4
0.362, 0.195, 0.639, 0.228, 0.573, 0.743, 0.181, 0.363, 0.774, 0.336, 0.232, 0.674, 0.224, 0.4
0.362, 0.195, 0.639, 0.228, 0.573, 0.743, 0.181, 0.363, 0.774, 0.336, 0.232, 0.674, 0.224, 0.4
0.362, 0.195, 0.639, 0.228, 0.573, 0.743, 0.181, 0.363, 0.774, 0.336, 0.232, 0.674, 0.224, 0.4
0.362, 0.195, 0.639, 0.228, 0.573, 0.743, 0.181, 0.363, 0.774, 0.336, 0.232, 0.674, 0.224, 0.4
0.362, 0.195, 0.639, 0.228, 0.573, 0.743, 0.181, 0.363, 0.774, 0.336, 0.232, 0.674, 0.224, 0.4
0.362, 0.195, 0.639, 0.228, 0.573, 0.743, 0.181, 0.363, 0.774, 0.336, 0.232, 0.674, 0.224, 0.4
0.362, 0.195, 0.639, 0.228, 0.573, 0.743, 0.181, 0.363, 0.774, 0.336, 0.232, 0.674, 0.224, 0.4
0.362, 0.195, 0.639, 0.228, 0.573, 0.743, 0.181, 0.363, 0.774, 0.336, 0.232, 0.674, 0.224, 0.4
0.362, 0.195, 0.639, 0.228, 0.573, 0.743, 0.181, 0.363, 0.774, 0.336, 0.232, 0.674, 0.224, 0.4
0.362, 0.195, 0.639, 0.228, 0.573, 0.743, 0.181, 0.363, 0.774, 0.336, 0.232, 0.674, 0.224, 0.4
0.362, 0.195, 0.639, 0.228, 0.573, 0.743, 0.181, 0.363, 0.774, 0.336, 0.232, 0.674, 0.224, 0.4
0.362, 0.195, 0.639, 0.228, 0.573, 0.743, 0.181, 0.363, 0.774, 0.336, 0.232, 0.674, 0.224, 0.4
0.362, 0.195, 0.639, 0.228, 0.573, 0.743, 0.181, 0.363, 0.774, 0.336, 0.232, 0.674, 0.224, 0.4
0.362, 0.195, 0.639, 0.228, 0.573, 0.743, 0.181, 0.363, 0.774, 0.336, 0.232, 0.674, 0.224, 0.4
0.362, 0.195, 0.639, 0.228, 0.573, 0.743, 0.181, 0.363, 0.774, 0.336, 0.232, 0.674, 0.224, 0.4
0.362, 0.195, 0.639, 0.228, 0.573, 0.743, 0.181, 0.363, 0.774, 0.336, 0.232, 0.674, 0.224, 0.4
0.362, 0.195, 0.639, 0.228, 0.573, 0.743, 0.181, 0.363, 0.774, 0.336, 0.232, 0.674, 0.224, 0.4
0.362, 0.195, 0.639, 0.228, 0.573, 0.743, 0.181, 0.363, 0.774, 0.336, 0.232, 0.674, 0.224, 0.4
0.362, 0.195, 0.639, 0.228, 0.573, 0.743, 0.181, 0.363, 0.774, 0.336, 0.232, 0.674, 0.224, 0.4
0.362, 0.195, 0.639, 0.228, 0.573, 0.743, 0.181, 0.363, 0.774, 0.336, 0.232, 0.674, 0.224, 0.4
0.362, 0.195, 0.639, 0.228, 0.573, 0.743, 0.181, 0.363, 0.774, 0.336, 0.232, 0.674, 0.224, 0.4
0.362, 0.195, 0.639, 0.228, 0.573, 0.743, 0.181, 0.363, 0.774, 0.336, 0.232, 0.674, 0.224, 0.4
0.362, 0.195, 0.639, 0.228, 0.573, 0.743, 0.181, 0.363, 0.774, 0.336, 0.232, 0.674, 0.224, 0.4
0.362, 0.195, 0.639, 0.228, 0.573, 0.743, 0.181, 0.363, 0.774, 0.336, 0.232, 0.674, 0.224, 0.4
0.362, 0.195, 0.639, 0.228, 0.573, 0.743, 0.181, 0.363, 0.774, 0.336, 0.232, 0.674, 0.224, 0.4
0.362, 0.195, 0.639, 0.228, 0.573, 0.743, 0.181, 0.363, 0.774, 0.336, 0.232, 0.674, 0.224, 0.4
0.362, 0.195, 0.639, 0.228, 0.573, 0.743, 0.181, 0.363, 0.774, 0.336, 0.232, 0.674, 0.224, 0.4
0.362, 0.195, 0.639, 0.228, 0.573, 0.743, 0.181, 0.363, 0.774, 0.336, 0.232, 0.674, 0.224, 0.4
0.362, 0.195, 0.639, 0.228, 0.573, 0.743, 0.181, 0.363, 0.774, 0.336, 0.232, 0.674, 0.224, 0.4
0.362, 0.195, 0.639, 0.228, 0.573, 0.743, 0.181, 0.363, 0.774, 0.336, 0.232, 0.674, 0.224, 0.4
0.362, 0.195, 0.639, 0.228, 0.573, 0.743, 0.181, 0.363, 0.774, 0.336, 0.232, 0.674, 0.224, 0.4
0.362, 0.195, 0.639, 0.228, 0.573, 0.743, 0.181, 0.363, 0.774, 0.336, 0.232, 0.674, 0.224, 0.4
0.362, 0.195, 0.639, 0.228, 0.573, 0.743, 0.181, 0.363, 0.774, 0.336, 0.232, 0.674, 0.224, 0.4
0.362, 0.195, 0.639, 0.228, 0.573, 0.743, 0.181, 0.363, 0.774, 0.336, 0.232, 0.674, 0.224, 0.4
0.362, 0.195, 0.639, 0.228, 0.573, 0.743, 0.181, 0.363, 0.774, 0.336, 0.232, 0.674, 0.224, 0.4
0.368, 0.23, 0.644, 0.224, 0.856, 0.756, 0.206, 0.675, 0.744, 0.365, 0.441, 0.675, 0.286, 0.515
0.367, 0.231, 0.644, 0.224, 0.852, 0.752, 0.207, 0.678, 0.743, 0.369, 0.445, 0.675, 0.298, 0.517
0.367, 0.231, 0.644, 0.224, 0.852, 0.751, 0.206, 0.679, 0.743, 0.369, 0.445, 0.675, 0.296, 0.517
0.367, 0.231, 0.644, 0.224, 0.852, 0.751, 0.206, 0.68, 0.743, 0.369, 0.445, 0.675, 0.295, 0.517
0.367, 0.23, 0.643, 0.224, 0.851, 0.751, 0.206, 0.679, 0.743, 0.369, 0.444, 0.675, 0.295, 0.517
0.367, 0.229, 0.643, 0.224, 0.85, 0.751, 0.207, 0.679, 0.743, 0.368, 0.444, 0.675, 0.293, 0.516
0.367, 0.227, 0.642, 0.224, 0.848, 0.75, 0.207, 0.679, 0.742, 0.368, 0.444, 0.675, 0.291, 0.516
0.367, 0.221, 0.641, 0.224, 0.839, 0.748, 0.208, 0.678, 0.742, 0.366, 0.444, 0.676, 0.287, 0.516
0.367, 0.211, 0.638, 0.224, 0.817, 0.743, 0.211, 0.679, 0.743, 0.366, 0.446, 0.677, 0.286, 0.516
0.363, 0.189, 0.644, 0.222, 0.715, 0.733, 0.216, 0.675, 0.743, 0.368, 0.448, 0.681, 0.287, 0.517
0.363, 0.185, 0.647, 0.223, 0.644, 0.732, 0.214, 0.671, 0.746, 0.368, 0.451, 0.682, 0.291, 0.517
0.364, 0.184, 0.647, 0.223, 0.604, 0.721, 0.208, 0.671, 0.748, 0.368, 0.456, 0.681, 0.297, 0.516
0.364, 0.184, 0.648, 0.223, 0.597, 0.707, 0.202, 0.674, 0.749, 0.369, 0.459, 0.681, 0.298, 0.516
0.364, 0.184, 0.648, 0.223, 0.592, 0.689, 0.197, 0.676, 0.749, 0.37, 0.461, 0.681, 0.298, 0.516
0.364, 0.184, 0.649, 0.223, 0.59, 0.668, 0.192, 0.677, 0.749, 0.37, 0.461, 0.681, 0.298, 0.516
0.364, 0.184, 0.649, 0.223, 0.588, 0.66, 0.19, 0.678, 0.749, 0.371, 0.461, 0.681, 0.298, 0.517
0.364, 0.184, 0.649, 0.223, 0.586, 0.656, 0.19, 0.68, 0.749, 0.371, 0.461, 0.681, 0.298, 0.518
0.364, 0.184, 0.649, 0.223, 0.584, 0.652, 0.191, 0.682, 0.749, 0.372, 0.462, 0.681, 0.297, 0.519
0.364, 0.184, 0.649, 0.223, 0.584, 0.652, 0.191, 0.684, 0.749, 0.372, 0.462, 0.681, 0.298, 0.52
0.365, 0.184, 0.649, 0.223, 0.583, 0.649, 0.192, 0.685, 0.749, 0.371, 0.462, 0.681, 0.297, 0.521
0.365, 0.184, 0.649, 0.223, 0.581, 0.647, 0.192, 0.685, 0.749, 0.371, 0.461, 0.681, 0.296, 0.521
0.365, 0.184, 0.649, 0.223, 0.579, 0.647, 0.191, 0.685, 0.749, 0.371, 0.462, 0.681, 0.296, 0.522
0.365, 0.183, 0.649, 0.223, 0.576, 0.648, 0.192, 0.684, 0.749, 0.37, 0.462, 0.682, 0.296, 0.523
0.365, 0.182, 0.648, 0.223, 0.572, 0.651, 0.192, 0.683, 0.749, 0.369, 0.462, 0.682, 0.296, 0.523
0.365, 0.182, 0.648, 0.223, 0.57, 0.654, 0.192, 0.682, 0.749, 0.369, 0.461, 0.682, 0.294, 0.523
0.365, 0.181, 0.648, 0.223, 0.568, 0.655, 0.192, 0.682, 0.749, 0.369, 0.461, 0.682, 0.293, 0.524
0.365, 0.181, 0.648, 0.223, 0.566, 0.659, 0.193, 0.681, 0.749, 0.369, 0.46, 0.682, 0.292, 0.524
0.365, 0.181, 0.648, 0.223, 0.563, 0.664, 0.193, 0.68, 0.749, 0.368, 0.46, 0.682, 0.291, 0.524
0.365, 0.181, 0.647, 0.223, 0.561, 0.671, 0.193, 0.68, 0.749, 0.368, 0.459, 0.682, 0.29, 0.524
0.365, 0.181, 0.647, 0.223, 0.559, 0.675, 0.194, 0.679, 0.749, 0.368, 0.459, 0.682, 0.289, 0.524
0.365, 0.181, 0.647, 0.223, 0.556, 0.679, 0.194, 0.679, 0.75, 0.367, 0.458, 0.682, 0.288, 0.524
0.365, 0.181, 0.647, 0.223, 0.555, 0.684, 0.191, 0.677, 0.75, 0.367, 0.458, 0.681, 0.284, 0.524
0.365, 0.181, 0.647, 0.223, 0.554, 0.706, 0.186, 0.674, 0.75, 0.365, 0.457, 0.681, 0.278, 0.524
0.365, 0.181, 0.646, 0.223, 0.555, 0.707, 0.178, 0.668, 0.75, 0.365, 0.46, 0.68, 0.274, 0.523
0.364, 0.18, 0.645, 0.223, 0.553, 0.702, 0.182, 0.666, 0.749, 0.365, 0.461, 0.68, 0.271, 0.521
0.364, 0.18, 0.644, 0.222, 0.548, 0.698, 0.208, 0.649, 0.748, 0.364, 0.463, 0.679, 0.268, 0.519
0.364, 0.179, 0.644, 0.222, 0.545, 0.7, 0.223, 0.58, 0.748, 0.363, 0.458, 0.678, 0.266, 0.517
0.364, 0.179, 0.644, 0.222, 0.545, 0.7, 0.223, 0.511, 0.75, 0.361, 0.449, 0.676, 0.264, 0.513
0.364, 0.178, 0.643, 0.222, 0.539, 0.704, 0.226, 0.439, 0.759, 0.357, 0.435, 0.674, 0.26, 0.504
0.365, 0.178, 0.643, 0.221, 0.538, 0.708, 0.225, 0.428, 0.761, 0.356, 0.435, 0.674, 0.26, 0.504
0.364, 0.178, 0.642, 0.221, 0.538, 0.712, 0.225, 0.401, 0.763, 0.355, 0.431, 0.674, 0.257, 0.499
0.364, 0.177, 0.642, 0.221, 0.536, 0.717, 0.225, 0.374, 0.766, 0.354, 0.431, 0.673, 0.256, 0.496
0.363, 0.177, 0.642, 0.221, 0.534, 0.72, 0.226, 0.359, 0.768, 0.352, 0.431, 0.673, 0.256, 0.493
0.363, 0.177, 0.641, 0.221, 0.533, 0.724, 0.226, 0.351, 0.77, 0.351, 0.432, 0.673, 0.255, 0.493
0.363, 0.177, 0.641, 0.22, 0.532, 0.725, 0.226, 0.345, 0.771, 0.349, 0.432, 0.673, 0.255, 0.493
0.364, 0.177, 0.641, 0.221, 0.532, 0.726, 0.226, 0.34, 0.771, 0.348, 0.433, 0.673, 0.254, 0.494
0.364, 0.177, 0.641, 0.221, 0.532, 0.726, 0.226, 0.34, 0.771, 0.348, 0.433, 0.673, 0.254, 0.494
0.364, 0.177, 0.641, 0.221, 0.532, 0.726, 0.226, 0.34, 0.771, 0.348, 0.433, 0.673, 0.254, 0.494
0.364, 0.177, 0.641, 0.221, 0.532, 0.726, 0.226, 0.34, 0.771, 0.348, 0.433, 0.673, 0.254, 0.494
0.364, 0.177, 0.641, 0.221, 0.532, 0.726, 0.226, 0.34, 0.771, 0.348, 0.433, 0.673, 0.254, 0.494
0.364, 0.177, 0.641, 0.221, 0.532, 0.726, 0.226, 0.34, 0.771, 0.348, 0.433, 0.673, 0.254, 0.494
0.364, 0.177, 0.641, 0.221, 0.532, 0.726, 0.226, 0.34, 0.771, 0.348, 0.433, 0.673, 0.254, 0.494
0.364, 0.177, 0.641, 0.221, 0.532, 0.726, 0.226, 0.34, 0.771, 0.348, 0.433, 0.673, 0.254, 0.494
0.364, 0.177, 0.641, 0.221, 0.532, 0.726, 0.226, 0.34, 0.771, 0.348, 0.433, 0.673, 0.254, 0.494
0.364, 0.177, 0.641, 0.221, 0.532, 0.726, 0.226, 0.34, 0.771, 0.348, 0.433, 0.673, 0.254, 0.494
0.364, 0.177, 0.641, 0.221, 0.532, 0.726, 0.226, 0.34, 0.771, 0.348, 0.433, 0.673, 0.254, 0.494
0.364, 0.177, 0.641, 0.221, 0.532, 0.726, 0.226, 0.34, 0.771, 0.348, 0.433, 0.673, 0.254, 0.494
0.364, 0.177, 0.641, 0.221, 0.532, 0.726, 0.226, 0.34, 0.771, 0.348, 0.433, 0.673, 0.254, 0.494
0.364, 0.177, 0.641, 0.221, 0.532, 0.726, 0.226, 0.34, 0.771, 0.348, 0.433, 0.673, 0.254, 0.494
0.364, 0.177, 0.641, 0.221, 0.532, 0.726, 0.226, 0.34, 0.771, 0.348, 0.433, 0.673, 0.254, 0.494
0.364, 0.177, 0.641, 0.221, 0.532, 0.726, 0.226, 0.34, 0.771, 0.348, 0.433, 0.673, 0.254, 0.494
0.364, 0.177, 0.641, 0.221, 0.532, 0.726, 0.226, 0.34, 0.771, 0.348, 0.433, 0.673, 0.254, 0.494
0.364, 0.177, 0.641, 0.221, 0.532, 0.726, 0.226, 0.34, 0.771, 0.348, 0.433, 0.673, 0.254, 0.494
0.364, 0.177, 0.641, 0.221, 0.532, 0.726, 0.226, 0.34, 0.771, 0.348, 0.433, 0.673, 0.254, 0.494
0.364, 0.177, 0.641, 0.221, 0.532, 0.726, 0.226, 0.34, 0.771, 0.348, 0.433, 0.673, 0.254, 0.494
0.364, 0.177, 0.641, 0.221, 0.532, 0.726, 0.226, 0.34, 0.771, 0.348, 0.433, 0.673, 0.254, 0.494
0.364, 0.177, 0.641, 0.221, 0.532, 0.726, 0.226, 0.34, 0.771, 0.348, 0.433, 0.673, 0.254, 0.494
0.364, 0.177, 0.641, 0.221, 0.532, 0.726, 0.226, 0.34, 0.771, 0.348, 0.433, 0.673, 0.254, 0.494
0.364, 0.177, 0.641, 0.221, 0.532, 0.726, 0.226, 0.34, 0.771, 0.348, 0.433, 0.673, 0.254, 0.494
0.364, 0.177, 0.641, 0.221, 0.532, 0.726, 0.226, 0.34, 0.771, 0.348, 0.433, 0.673, 0.254, 0.494
0.364, 0.177, 0.641, 0.221, 0.532, 0.726, 0.226, 0.34, 0.771, 0.348, 0.433, 0.673, 0.254, 0.494
0.364, 0.177, 0.641, 0.221, 0.532, 0.726, 0.226, 0.34, 0.771, 0.348, 0.433, 0.673, 0.254, 0.494
0.364, 0.177, 0.641, 0.221, 0.532, 0.726, 0.226, 0.34, 0.771, 0.348, 0.433, 0.673, 0.254, 0.494
0.364, 0.177, 0.641, 0.221, 0.532, 0.726, 0.226, 0.34, 0.771, 0.348, 0.433, 0.673, 0.254, 0.494
0.364, 0.177, 0.641, 0.221, 0.532, 0.726, 0.226, 0.34, 0.771, 0.348, 0.433, 0.673, 0.254, 0.494
0.364, 0.177, 0.641, 0.221, 0.532, 0.726, 0.226, 0.34, 0.771, 0.348, 0.433, 0.673, 0.254, 0.494
0.364, 0.177, 0.641, 0.221, 0.532, 0.726, 0.226, 0.34, 0.771, 0.348, 0.433, 0.673, 0.254, 0.494
0.364, 0.177, 0.641, 0.221, 0.532, 0.726, 0.226, 0.34, 0.771, 0.348, 0.433, 0.673, 0.254, 0.494
0.364, 0.177, 0.641, 0.221, 0.532, 0.726, 0.226, 0.34, 0.771, 0.348, 0.433, 0.673, 0.254, 0.494
0.364, 0.177, 0.641, 0.221, 0.532, 0.726, 0.226, 0.34, 0.771, 0.348, 0.433, 0.673, 0.254, 0.494
0.364, 0.177, 0.641, 0.221, 0.532, 0.726, 0.226, 0.34, 0.771, 0.348, 0.433, 0.673, 0.254, 0.494
0.364, 0.177, 0.641, 0.221, 0.532, 0.726, 0.226, 0.34, 0.771, 0.348, 0.433, 0.673, 0.254, 0.494
0.364, 0.177, 0.641, 0.221, 0.532, 0.726, 0.226, 0.34, 0.771, 0.348, 0.433, 0.673, 0.254, 0.494
0.364, 0.177, 0.641, 0.221, 0.532, 0.726, 0.226, 0.34, 0.771, 0.348, 0.433, 0.673, 0.254, 0.494
0.364, 0.177, 0.641, 0.221, 0.532, 0.726, 0.226, 0.34, 0.771, 0.348, 0.433, 0.673, 0.254, 0.494
0.364, 0.177, 0.641, 0.221, 0.532, 0.726, 0.226, 0.34, 0.771, 0.348, 0.433, 0.673, 0.254, 0.494
0.364, 0.177, 0.641, 0.221, 0.532, 0.726, 0.226, 0.34, 0.771, 0.348, 0.433, 0.673, 0.254, 0.494
0.364, 0.177, 0.641, 0.221, 0.532, 0.726, 0.226, 0.34, 0.771, 0.348, 0.433, 0.673, 0.254, 0.494
0.364, 0.177, 0.641, 0.221, 0.532, 0.726, 0.226, 0.34, 0.771, 0.348, 0.433, 0.673, 0.254, 0.494
0.364, 0.177, 0.641, 0.221, 0.532, 0.726, 0.226, 0.34, 0.771, 0.348, 0.433, 0.673, 0.254, 0.494
0.364, 0.177, 0.641, 0.221, 0.532, 0.726, 0.226, 0.34, 0.771, 0.348, 0.433, 0.673, 0.254, 0.494
0.364, 0.177, 0.641, 0.221, 0.532, 0.726, 0.226, 0.34, 0.771, 0.348, 0.433, 0.673, 0.254, 0.494
0.364, 0.177, 0.641, 0.221, 0.532, 0.726, 0.226, 0.34, 0.771, 0.348, 0.433, 0.673, 0.254, 0.494
0.364, 0.177, 0.641, 0.221, 0.532, 0.726, 0.226, 0.34, 0.771, 0.348, 0.433, 0.673, 0.254, 0.494
0.364, 0.177, 0.641, 0.221, 0.532, 0.726, 0.226, 0.34, 0.771, 0.348, 0.433, 0.673, 0.254, 0.494
0.364, 0.177, 0.641, 0.221, 0.532, 0.726, 0.226, 0.34, 0.771, 0.348, 0.433, 0.673, 0.254, 0.494
0.364, 0.177, 0.641, 0.221, 0.532, 0.726, 0.226, 0.34, 0.771, 0.348, 0.433, 0.673, 0.254, 0.494
0.364, 0.177, 0.641, 0.221, 0.532, 0.726, 0.226, 0.34, 0.771, 0.348, 0.433, 0.673, 0.254, 0.494
0.364, 0.177, 0.641, 0.221, 0.532, 0.726, 0.226, 0.34, 0.771, 0.348, 0.433, 0.673, 0.254, 0.494
0.364, 0.177, 0.641, 0.221, 0.532, 0.726, 0.226, 0.34, 0.771, 0.348, 0.433, 0.673, 0.254, 0.494
0.364, 0.177, 0.641, 0.221, 0.532, 0.726, 0.226, 0.34, 0.771, 0.348, 0.433, 0.673, 0.254, 0.494
0.364, 0.177, 0.641, 0.221, 0.532, 0.726, 0.226, 0.34, 0.771, 0.348, 0.433, 0.673, 0.254, 0.494
0.364, 0.177, 0.641, 0.221, 0.532, 0.726, 0.226, 0.34, 0.771, 0.348, 0.433, 0.673, 0.254, 0.494
0.364, 0.177, 0.641, 0.221, 0.532, 0.726, 0.226, 0.34, 0.771, 0.348, 0.433, 0.673, 0.254, 0.494
0.364, 0.177, 0.641, 0.221, 0.532, 0.726, 0.226, 0.34, 0.771, 0.348, 0.433, 0.673, 0.254, 0.494
0.364, 0.177, 0.641, 0.221, 0.532, 0.726, 0.226, 0.34, 0.771, 0.348, 0.433, 0.673, 0.254, 0.494
0.364, 0.177, 0.641, 0.221, 0.532, 0.726, 0.226, 0.34, 0.771, 0.348, 0.433, 0.673, 0.254, 0.494
0.364, 0.177, 0.641, 0.221, 0.532, 0.726, 0.226, 0.34, 0.771, 0.348, 0.433, 0.673, 0.254, 0.494
0.364, 0.177, 0.641, 0.221, 0.532, 0.726, 0.226, 0.34, 0.771, 0.348, 0.433, 0.673, 0.254, 0.494
0.364, 0.177, 0.641, 0.221, 0.532, 0.726, 0.226, 0.34, 0.771, 0.348, 0.433, 0.673, 0.254, 0.494
0.364, 0.177, 0.641, 0.221, 0.532, 0.726, 0.226, 0.34, 0.771, 0.348, 0.433, 0.673, 0.254, 0.494
0.364, 0.177, 0.641, 0.221, 0.532, 0.726, 0.226, 0.34, 0.771, 0.348, 0.433, 0.673, 0.254, 0.494
0.364, 0.177, 0.641, 0.221, 0.532, 0.726, 0.226, 0.34, 0.771, 0.348, 0.433, 0.673, 0.254, 0.494
0.364, 0.177, 0.641, 0.221, 0.532, 0.726, 0.226, 0.34, 0.771, 0.348, 0.433, 0.673, 0.254, 0.494
0.364, 0.177, 0.641, 0.221, 0.532, 0.726, 0.226, 0.34, 0.771, 0.348, 0.433, 0.673, 0.254, 0.494
0.364, 0.177, 0.641, 0.221, 0.532, 0.726, 0.226, 0.34, 0.771, 0.348, 0.433, 0.673, 0.254, 0.494
0.364, 0.177, 0.641, 0.221, 0.532, 0.726, 0.226, 0.34, 0.771, 0.348, 0.433, 0.673, 0.254, 0.494
0.364, 0.177, 0.641, 0.221, 0.532, 0.726, 0.226, 0.34, 0.771, 0.348, 0.433, 0.673, 0.254, 0.494
0.364, 0.177, 0.641, 0.221, 0.532, 0.726, 0.226, 0.34, 0.771, 0.348, 0.433, 0.673, 0.254, 0.494
0.364, 0.177, 0.641, 0.221, 0.532, 0.726, 0.226, 0.34, 0.771, 0.348, 0.433, 0.673, 0.254, 0.494
0.364, 0.177, 0.641, 0.221, 0.532, 0.726, 0.226, 0.34, 0.771, 0.348, 0.433, 0.673, 0.254, 0.494
0.364, 0.177, 0.641, 0.221, 0.532, 0.726, 0.226, 0.34, 0.771, 0.348, 0.433, 0.673, 0.254, 0.494
0.364, 0.177, 0.641, 0.221, 0.532, 0.726, 0.226, 0.34, 0.771, 0.348, 0.433, 0.673, 0.254, 0.494
0.364, 0.177, 0.641, 0.221, 0.532, 0.726, 0.226, 0.34, 0.771, 0.348, 0.433, 0.673, 0.254, 0.494
0.364, 0.177, 0.641, 0.221, 0.532, 0.726, 0.226, 0.34, 0.771, 0.348, 0.433, 0.673, 0.254, 0.494
0.364, 0.177, 0.641, 0.221, 0.532, 0.726, 0.226, 0.34, 0.771, 0.348, 0.433, 0.673, 0.254, 0.494
0.364, 0.177, 0.641, 0.221, 0.532, 0.726, 0.226, 0.34, 0.771, 0.348, 0.433, 0.673, 0.254, 0.494
0.364, 0.177, 0.641, 0.221, 0.532, 0.726, 0.226, 0.34, 0.771, 0.348, 0.433, 0.673, 0.254, 0.494
0.364, 0.177, 0.641, 0.221, 0.532, 0.726, 0.226, 0.34, 0.771, 0.348, 0.433, 0.673, 0.254, 0.494
0.364, 0.177, 0.641, 0.221, 0.532, 0.726, 0.226, 0.34, 0.771, 0.348, 0.433, 0.673, 0.254, 0.494
0.364, 0.177, 0.641, 0.221, 0.532, 0.726, 0.226, 0.34, 0.771, 0.348, 0.433, 0.673, 0.254, 0.494
0.364, 0.177, 0.641, 0.221, 0.532, 0.726, 0.226, 0.34, 0.771, 0.348, 0.433, 0.673, 0.254, 0.494
0.364, 0.177, 0.641, 0.221, 0.532, 0.726, 0.226, 0.34, 0.771, 0.348, 0.433, 0.673, 0.254, 0.494
0.364, 0.177, 0.641, 0.221, 0.532, 0.726, 0.226, 0.34, 0.771, 0.348, 0.433, 0.673, 0.254, 0.494
0.364, 0.177, 0.641, 0.221, 0.532, 0.726, 0.226, 0.34, 0.771, 0.348, 0.433, 0.673, 0.254, 0.494
0.364, 0.177, 0.641, 0.221, 0.532, 0.726, 0.226, 0.34, 0.771, 0.348, 0.433, 0.673, 0.254, 0.494
0.364, 0.177, 0.641, 0.221, 0.532, 0.726, 0.226, 0.34, 0.771, 0.348, 0.433, 0.673, 0.254, 0.494
0.364, 0.177, 0.641, 0.221, 0.532, 0.726, 0.226, 0.34, 0.771, 0.348, 0.433, 0.673, 0.254, 0.494
0.364, 0.177, 0.641, 0.221, 0.532, 0.726, 0.226, 0.34, 0.771, 0.348, 0.433, 0.673, 0.254, 0.494
0.364, 0.177, 0.641, 0.221, 0.532, 0.726, 0.226, 0.34, 0.771, 0.348, 0.433, 0.673, 0.254, 0.494
0.364, 0.177, 0.641, 0.221, 0.532, 0.726, 0.226, 0.34, 0.771, 0.348, 0.433, 0.673, 0.254, 0.494
0.364, 0.177, 0.641, 0.221, 0.532, 0.726, 0.226, 0.34, 0.771, 0.348, 0.433, 0.673, 0.254, 0.494
0.364, 0.177, 0.641, 0.221, 0.532, 0.726, 0.226, 0.34, 0.771, 0.348, 0.433, 0.673, 0.254, 0.494
0.364, 0.177, 0.641, 0.221, 0.532, 0.726, 0.226, 0.34, 0.771, 0.348, 0.433, 0.673, 0.254, 0.494
0.364, 0.177, 0.641, 0.221, 0.532, 0.726, 0.226, 0.34, 0.771, 0.348, 0.433, 0.673, 0.254, 0.494
0.364, 0.177, 0.641, 0.221, 0.532, 0.726, 0.226, 0.34, 0.771, 0.348, 0.433, 0.673, 0.254, 0.494
0.364, 0.177, 0.641, 0.221, 0.532, 0.726, 0.226, 0.34, 0.771, 0.348, 0.433, 0.673, 0.254, 0.494
0.364, 0.177, 0.641, 0.221, 0.532, 0.726, 0.226, 0.34, 0.771, 0.348, 0.433, 0.673, 0.254, 0.494
0.364, 0.177, 0.641, 0.221, 0.532, 0.726, 0.226, 0.34, 0.771, 0.348, 0.433, 0.673, 0.254, 0.494
0.364, 0.177, 0.641, 0.221, 0.532, 0.726, 0.226, 0.34, 0.771, 0.348, 0.433, 0.673, 0.254, 0.494
0.364, 0.177, 0.641, 0.221, 0.532, 0.726, 0.226, 0.34, 0.771, 0.348, 0.433, 0.673, 0.254, 0.494
0.364, 0.177, 0.641, 0.221, 0.532, 0.726, 0.226, 0.34, 0.771, 0.348, 0.433, 0.673, 0.254, 0.494
0.364, 0.177, 0.641, 0.221, 0.532, 0.726, 0.226, 0.34, 0.771, 0.348, 0.433, 0.673, 0.254, 0.494
0.364, 0.177, 0.641, 0.221, 0.532, 0.726, 0.226, 0.34, 0.771, 0.348, 0.433, 0.673, 0.254, 0.494
0.364, 0.177, 0.641, 0.221, 0.532, 0.726, 0.226, 0.34, 0.771, 0.348, 0.433, 0.673, 0.254, 0.494
0.364, 0.177, 0.641, 0.221, 0.532, 0.726, 0.226, 0.34, 0.771, 0.348, 0.433, 0.673, 0.254, 0.494
0.364, 0.177, 0.641, 0.221, 0.532, 0.726, 0.226, 0.34, 0.771, 0.348, 0.433, 0.673, 0.254, 0.494
0.364, 0.177, 0.641, 0.221, 0.532, 0.726, 0.226, 0.34, 0.771, 0.348, 0.433, 0.673, 0.254, 0.494
0.364, 0.177, 0.641, 0.221, 0.532, 0.726, 0.226, 0.34, 0.771, 0.348, 0.433, 0.673, 0.254, 0.494
0.364, 0.177, 0.641, 0.221, 0.532, 0.726, 0.226, 0.34, 0.771, 0.348, 0.433, 0.673, 0.254, 0.494
0.364, 0.177, 0.641, 0.221, 0.532, 0.726, 0.226, 0.34, 0.771, 0.348, 0.433, 0.673, 0.254, 0.494
0.364, 0.177, 0.641, 0.221, 0.532, 0.726, 0.226, 0.34, 0.771, 0.348, 0.433, 0.673, 0.254, 0.494
0.364, 0.177, 0.641, 0.221, 0.532, 0.726, 0.226, 0.34, 0.771, 0.348, 0.433, 0.673, 0.254, 0.494
0.364, 0.177, 0.641, 0.221, 0.532, 0.726, 0.226, 0.34, 0.771, 0.348, 0.433, 0.673, 0.254, 0.494
0.364, 0.177, 0.641, 0.221, 0.532, 0.726, 0.226, 0.34, 0.771, 0.348, 0.433, 0.673, 0.254, 0.494
0.364, 0.177, 0.641, 0.221, 0.532, 0.726, 0.226, 0.34, 0.771, 0.348, 0.433, 0.673, 0.254, 0.494
0.364, 0.177, 0.641, 0.221, 0.532, 0.726, 0.226, 0.34, 0.771, 0.348, 0.433, 0.673, 0.254, 0.494
0.364, 0.177, 0.641, 0.221, 0.532, 0.726, 0.226, 0.34, 0.771, 0.348, 0.433, 0.673, 0.254, 0.494
0.364, 0.177, 0.641, 0.221, 0.532, 0.726, 0.226, 0.34, 0.771, 0.348, 0.433, 0.673, 0.254, 0.494
0.364, 0.177, 0.641, 0.221, 0.532, 0.726, 0.226, 0.34, 0.771, 0.348, 0.433, 0.673, 0.254, 0.494
0.364, 0.177, 0.641, 0.221, 0.532, 0.726, 0.226, 0.34, 0.771, 0.348, 0.433, 0.673, 0.254, 0.494
0.364, 0.177, 0.641, 0.221, 0.532, 0.726, 0.226, 0.34, 0.771, 0.348, 0.433, 0.673, 0.254, 0.494
0.364, 0.177, 0.641, 0.221, 0.532, 0.726, 0.226, 0.34, 0.771, 0.348, 0.433, 0.673, 0.254, 0.494
0.364, 0.177, 0.641, 0.221, 0.532, 0.726, 0.226, 0.34, 0.771, 0.348, 0.433, 0.673, 0.254, 0.494
0.364, 0.177, 0.641, 0.221, 0.532, 0.726, 0.226, 0.34, 0.771, 0.348, 0.433, 0.673, 0.254, 0.494
0.364, 0.177, 0.641, 0.221, 0.532, 0.726, 0.226, 0.34, 0.771, 0.348, 0.433, 0.673, 0.254, 0.494
0.364, 0.177, 0.641, 0.221, 0.532, 0.726, 0.226, 0.34, 0.771, 0.348, 0.433, 0.673, 0.254, 0.494
0.364, 0.177, 0.641, 0.221, 0.532, 0.726, 0.226, 0.34, 0.771, 0.348, 0.433, 0.673, 0.254, 0.494
0.364, 0.177, 0.641, 0.221, 0.532, 0.726, 0.226, 0.34, 0.771, 0.348, 0.433, 0.673, 0.254, 0.494
0.364, 0.177, 0.641, 0.221, 0.532, 0.726, 0.226, 0.34, 0.771, 0.348, 0.433, 0.673, 0.254, 0.494
0.364, 0.177, 0.641, 0.221, 0.532, 0.726, 0.226, 0.34, 0.771, 0.348, 0.433, 0.673, 0.254, 0.494
0.364, 0.177, 0.641, 0.221, 0.532, 0.726, 0.226, 0.34, 0.771, 0.348, 0.433, 0.673, 0.254, 0.494
0.364, 0.177, 0.641, 0.221, 0.532, 0.726, 0.226, 0.34, 0.771, 0.348, 0.433, 0.673, 0.254, 0.494
0.364, 0.177, 0.641, 0.221, 0.532, 0.726, 0.226, 0.34, 0.771, 0.348, 0.433, 0.673, 0.254, 0.494
0.364, 0.177, 0.641, 0.221, 0.532, 0.726, 0.226, 0.34, 0.771, 0.348, 0.433, 0.673, 0.254, 0.494
0.366, 0.188, 0.639, 0.248, 0.722, 0.737, 0.175, 0.486, 0.768, 0.334, 0.433, 0.673, 0.254, 0.494
0.368, 0.188, 0.632, 0.25, 0.723, 0.721, 0.176, 0.511, 0.758, 0.335, 0.428, 0.672, 0.232, 0.5
0.374, 0.214, 0.619, 0.245, 0.568, 0.727, 0.189, 0.387, 0.77, 0.361, 0.433, 0.659, 0.285, 0.536
0.374, 0.256, 0.618, 0.244, 0.544, 0.717, 0.196, 0.333, 0.773, 0.374, 0.443, 0.651, 0.279, 0.534
0.375, 0.258, 0.618, 0.244, 0.542, 0.715, 0.197, 0.322, 0.773, 0.376, 0.442, 0.649, 0.279, 0.532
0.375, 0.261, 0.617, 0.243, 0.54, 0.713, 0.196, 0.312, 0.772, 0.379, 0.441, 0.648, 0.278, 0.53
0.375, 0.262, 0.617, 0.243, 0.537, 0.711, 0.195, 0.307, 0.771, 0.381, 0.439, 0.646, 0.277, 0.526
0.375, 0.264, 0.617, 0.243, 0.535, 0.709, 0.195, 0.304, 0.77, 0.383, 0.439, 0.645, 0.278, 0.522
0.375, 0.267, 0.617, 0.242, 0.534, 0.708, 0.196, 0.302, 0.769, 0.385, 0.441, 0.643, 0.278, 0.517
0.375, 0.269, 0.616, 0.242, 0.534, 0.707, 0.196, 0.3, 0.769, 0.388, 0.442, 0.642, 0.28, 0.511
0.375, 0.271, 0.616, 0.242, 0.533, 0.706, 0.196, 0.298, 0.768, 0.39, 0.443, 0.64, 0.28, 0.507
0.376, 0.273, 0.616, 0.242, 0.532, 0.706, 0.196, 0.297, 0.767, 0.391, 0.444, 0.639, 0.28, 0.5
0.376, 0.273, 0.615, 0.241, 0.532, 0.706, 0.196, 0.296, 0.767, 0.391, 0.445, 0.639, 0.279, 0.496
0.375, 0.272, 0.615, 0.241, 0.531, 0.707, 0.196, 0.295, 0.767, 0.39, 0.444, 0.639, 0.278, 0.492
0.376, 0.271, 0.615, 0.241, 0.53, 0.707, 0.196, 0.295, 0.767, 0.39, 0.444, 0.639, 0.278, 0.489
0.376, 0.272, 0.615, 0.241, 0.53, 0.707, 0.195, 0.294, 0.767, 0.389, 0.444, 0.638, 0.277, 0.486
0.376, 0.274, 0.615, 0.241, 0.53, 0.707, 0.195, 0.293, 0.767, 0.388, 0.446, 0.638, 0.276, 0.484
0.376, 0.276, 0.615, 0.241, 0.529, 0.708, 0.195, 0.292, 0.767, 0.387, 0.448, 0.638, 0.275, 0.484
0.376, 0.276, 0.614, 0.241, 0.529, 0.708, 0.195, 0.292, 0.767, 0.386, 0.45, 0.638, 0.274, 0.485
0.375, 0.276, 0.614, 0.241, 0.529, 0.709, 0.195, 0.291, 0.768, 0.384, 0.451, 0.639, 0.272, 0.485
0.375, 0.274, 0.614, 0.241, 0.529, 0.71, 0.195, 0.291, 0.769, 0.378, 0.451, 0.642, 0.269, 0.486
0.375, 0.27, 0.613, 0.241, 0.529, 0.711, 0.194, 0.29, 0.77, 0.374, 0.448, 0.643, 0.267, 0.487
0.375, 0.261, 0.612, 0.242, 0.529, 0.712, 0.193, 0.29, 0.771, 0.369, 0.442, 0.646, 0.264, 0.489
0.374, 0.252, 0.611, 0.242, 0.53, 0.715, 0.191, 0.289, 0.774, 0.363, 0.435, 0.649, 0.26, 0.488
0.372, 0.241, 0.61, 0.242, 0.531, 0.719, 0.188, 0.289, 0.777, 0.351, 0.43, 0.654, 0.247, 0.474
0.371, 0.23, 0.609, 0.243, 0.532, 0.726, 0.182, 0.288, 0.781, 0.338, 0.426, 0.66, 0.231, 0.461
0.37, 0.222, 0.608, 0.243, 0.532, 0.735, 0.181, 0.288, 0.783, 0.334, 0.424, 0.665, 0.226, 0.458
0.369, 0.216, 0.606, 0.243, 0.533, 0.743, 0.181, 0.288, 0.783, 0.333, 0.423, 0.669, 0.223, 0.458
0.368, 0.209, 0.603, 0.243, 0.533, 0.748, 0.181, 0.288, 0.781, 0.334, 0.422, 0.671, 0.223, 0.458
0.369, 0.207, 0.603, 0.243, 0.534, 0.75, 0.181, 0.289, 0.779, 0.335, 0.419, 0.673, 0.222, 0.46
0.371, 0.208, 0.603, 0.244, 0.535, 0.752, 0.18, 0.289, 0.779, 0.335, 0.419, 0.673, 0.222, 0.46
0.371, 0.208, 0.603, 0.244, 0.535, 0.752, 0.18, 0.289, 0.779, 0.335, 0.419, 0.673, 0.222, 0.46
0.371, 0.208, 0.603, 0.244, 0.535, 0.752, 0.18, 0.289, 0.779, 0.335, 0.419, 0.673, 0.222, 0.46
0.371, 0.208, 0.603, 0.244, 0.535, 0.752, 0.18, 0.289, 0.779, 0.335, 0.419, 0.673, 0.222, 0.46
0.371, 0.208, 0.603, 0.244, 0.535, 0.752, 0.18, 0.289, 0.779, 0.335, 0.419, 0.673, 0.222, 0.46
0.371, 0.208, 0.603, 0.244, 0.535, 0.752, 0.18, 0.289, 0.779, 0.335, 0.419, 0.673, 0.222, 0.46
0.371, 0.208, 0.603, 0.244, 0.535, 0.752, 0.18, 0.289, 0.779, 0.335, 0.419, 0.673, 0.222, 0.46
0.371, 0.208, 0.603, 0.244, 0.535, 0.752, 0.18, 0.289, 0.779, 0.335, 0.419, 0.673, 0.222, 0.46
0.371, 0.208, 0.603, 0.244, 0.535, 0.752, 0.18, 0.289, 0.779, 0.335, 0.419, 0.673, 0.222, 0.46
0.371, 0.208, 0.603, 0.244, 0.535, 0.752, 0.18, 0.289, 0.779, 0.335, 0.419, 0.673, 0.222, 0.46
0.371, 0.208, 0.603, 0.244, 0.535, 0.752, 0.18, 0.289, 0.779, 0.335, 0.419, 0.673, 0.222, 0.46
0.371, 0.208, 0.603, 0.244, 0.535, 0.752, 0.18, 0.289, 0.779, 0.335, 0.419, 0.673, 0.222, 0.46
0.371, 0.208, 0.603, 0.244, 0.535, 0.752, 0.18, 0.289, 0.779, 0.335, 0.419, 0.673, 0.222, 0.46
0.371, 0.208, 0.603, 0.244, 0.535, 0.752, 0.18, 0.289, 0.779, 0.335, 0.419, 0.673, 0.222, 0.46
0.371, 0.208, 0.603, 0.244, 0.535, 0.752, 0.18, 0.289, 0.779, 0.335, 0.419, 0.673, 0.222, 0.46
0.371, 0.208, 0.603, 0.244, 0.535, 0.752, 0.18, 0.289, 0.779, 0.335, 0.419, 0.673, 0.222, 0.46
0.371, 0.208, 0.603, 0.244, 0.535, 0.752, 0.18, 0.289, 0.779, 0.335, 0.419, 0.673, 0.222, 0.46
0.371, 0.208, 0.603, 0.244, 0.535, 0.752, 0.18, 0.289, 0.779, 0.335, 0.419, 0.673, 0.222, 0.46
0.371, 0.208, 0.603, 0.244, 0.535, 0.752, 0.18, 0.289, 0.779, 0.335, 0.419, 0.673, 0.222, 0.46
0.371, 0.208, 0.603, 0.244, 0.535, 0.752, 0.18, 0.289, 0.779, 0.335, 0.419, 0.673, 0.222, 0.46
0.371, 0.208, 0.603, 0.244, 0.535, 0.752, 0.18, 0.289, 0.779, 0.335, 0.419, 0.673, 0.222, 0.46
0.371, 0.208, 0.603, 0.244, 0.535, 0.752, 0.18, 0.289, 0.779, 0.335, 0.419, 0.673, 0.222, 0.46
0.371, 0.208, 0.603, 0.244, 0.535, 0.752, 0.18, 0.289, 0.779, 0.335, 0.419, 0.673, 0.222, 0.46
0.371, 0.208, 0.603, 0.244, 0.535, 0.752, 0.18, 0.289, 0.779, 0.335, 0.419, 0.673, 0.222, 0.46
0.371, 0.208, 0.603, 0.244, 0.535, 0.752, 0.18, 0.289, 0.779, 0.335, 0.419, 0.673, 0.222, 0.46
0.371, 0.208, 0.603, 0.244, 0.535, 0.752, 0.18, 0.289, 0.779, 0.335, 0.419, 0.673, 0.222, 0.46
0.371, 0.208, 0.603, 0.244, 0.535, 0.752, 0.18, 0.289, 0.779, 0.335, 0.419, 0.673, 0.222, 0.46
0.371, 0.208, 0.603, 0.244, 0.535, 0.752, 0.18, 0.289, 0.779, 0.335, 0.419, 0.673, 0.222, 0.46
0.371, 0.208, 0.603, 0.244, 0.535, 0.752, 0.18, 0.289, 0.779, 0.335, 0.419, 0.673, 0.222, 0.46
0.371, 0.208, 0.603, 0.244, 0.535, 0.752, 0.18, 0.289, 0.779, 0.335, 0.419, 0.673, 0.222, 0.46
0.371, 0.208, 0.603, 0.244, 0.535, 0.752, 0.18, 0.289, 0.779, 0.335, 0.419, 0.673, 0.222, 0.46
0.371, 0.208, 0.603, 0.244, 0.535, 0.752, 0.18, 0.289, 0.779, 0.335, 0.419, 0.673, 0.222, 0.46
0.371, 0.208, 0.603, 0.244, 0.535, 0.752, 0.18, 0.289, 0.779, 0.335, 0.419, 0.673, 0.222, 0.46
0.371, 0.208, 0.603, 0.244, 0.535, 0.752, 0.18, 0.289, 0.779, 0.335, 0.419, 0.673, 0.222, 0.46
0.371, 0.208, 0.603, 0.244, 0.535, 0.752, 0.18, 0.289, 0.779, 0.335, 0.419, 0.673, 0.222, 0.46
0.371, 0.208, 0.603, 0.244, 0.535, 0.752, 0.18, 0.289, 0.779, 0.335, 0.419, 0.673, 0.222, 0.46
0.371, 0.208, 0.603, 0.244, 0.535, 0.752, 0.18, 0.289, 0.779, 0.335, 0.419, 0.673, 0.222, 0.46
0.371, 0.208, 0.603, 0.244, 0.535, 0.752, 0.18, 0.289, 0.779, 0.335, 0.419, 0.673, 0.222, 0.46
0.371, 0.208, 0.603, 0.244, 0.535, 0.752, 0.18, 0.289, 0.779, 0.335, 0.419, 0.673, 0.222, 0.46
0.371, 0.208, 0.603, 0.244, 0.535, 0.752, 0.18, 0.289, 0.779, 0.335, 0.419, 0.673, 0.222, 0.46
0.371, 0.208, 0.603, 0.244, 0.535, 0.752, 0.18, 0.289, 0.779, 0.335, 0.419, 0.673, 0.222, 0.46
0.371, 0.208, 0.603, 0.244, 0.535, 0.752, 0.18, 0.289, 0.779, 0.335, 0.419, 0.673, 0.222, 0.46
0.371, 0.208, 0.603, 0.244, 0.535, 0.752, 0.18, 0.289, 0.779, 0.335, 0.419, 0.673, 0.222, 0.46
0.371, 0.208, 0.603, 0.244, 0.535, 0.752, 0.18, 0.289, 0.779, 0.335, 0.419, 0.673, 0.222, 0.46
0.371, 0.208, 0.603, 0.244, 0.535, 0.752, 0.18, 0.289, 0.779, 0.335, 0.419, 0.673, 0.222, 0.46
0.371, 0.208, 0.603, 0.244, 0.535, 0.752, 0.18, 0.289, 0.779, 0.335, 0.419, 0.673, 0.222, 0.46
0.371, 0.208, 0.603, 0.244, 0.535, 0.752, 0.18, 0.289, 0.779, 0.335, 0.419, 0.673, 0.222, 0.46
0.371, 0.208, 0.603, 0.244, 0.535, 0.752, 0.18, 0.289, 0.779, 0.335, 0.419, 0.673, 0.222, 0.46
0.371, 0.208, 0.603, 0.244, 0.535, 0.752, 0.18, 0.289, 0.779, 0.335, 0.419, 0.673, 0.222, 0.46
0.371, 0.208, 0.603, 0.244, 0.535, 0.752, 0.18, 0.289, 0.779, 0.335, 0.419, 0.673, 0.222, 0.46
0.371, 0.208, 0.603, 0.244, 0.535, 0.752, 0.18, 0.289, 0.779, 0.335, 0.419, 0.673, 0.222, 0.46
0.371, 0.208, 0.603, 0.244, 0.535, 0.752, 0.18, 0.289, 0.779, 0.335, 0.419, 0.673, 0.222, 0.46
0.371, 0.208, 0.603, 0.244, 0.535, 0.752, 0.18, 0.289, 0.779, 0.335, 0.419, 0.673, 0.222, 0.46
0.371, 0.208, 0.603, 0.244, 0.535, 0.752, 0.18, 0.289, 0.779, 0.335, 0.419, 0.673, 0.222, 0.46
0.371, 0.208, 0.603, 0.244, 0.535, 0.752, 0.18, 0.289, 0.779, 0.335, 0.419, 0.673, 0.222, 0.46
0.371, 0.208, 0.603, 0.244, 0.535, 0.752, 0.18, 0.289, 0.779, 0.335, 0.419, 0.673, 0.222, 0.46
0.371, 0.208, 0.603, 0.244, 0.535, 0.752, 0.18, 0.289, 0.779, 0.335, 0.419, 0.673, 0.222, 0.46
0.371, 0.208, 0.603, 0.244, 0.535, 0.752, 0.18, 0.289, 0.779, 0.335, 0.419, 0.673, 0.222, 0.46
0.371, 0.208, 0.603, 0.244, 0.535, 0.752, 0.18, 0.289, 0.779, 0.335, 0.419, 0.673, 0.222, 0.46
0.371, 0.208, 0.603, 0.244, 0.535, 0.752, 0.18, 0.289, 0.779, 0.335, 0.419, 0.673, 0.222, 0.46
0.371, 0.208, 0.603, 0.244, 0.535, 0.752, 0.18, 0.289, 0.779, 0.335, 0.419, 0.673, 0.222, 0.46
0.371, 0.208, 0.603, 0.244, 0.535, 0.752, 0.18, 0.289, 0.779, 0.335, 0.419, 0.673, 0.222, 0.46
0.371, 0.208, 0.603, 0.244, 0.535, 0.752, 0.18, 0.289, 0.779, 0.335, 0.419, 0.673, 0.222, 0.46
0.371, 0.208, 0.603, 0.244, 0.535, 0.752, 0.18, 0.289, 0.779, 0.335, 0.419, 0.673, 0.222, 0.46
0.371, 0.208, 0.603, 0.244, 0.535, 0.752, 0.18, 0.289, 0.779, 0.335, 0.419, 0.673, 0.222, 0.46
0.371, 0.208, 0.603, 0.244, 0.535, 0.752, 0.18, 0.289, 0.779, 0.335, 0.419, 0.673, 0.222, 0.46
0.371, 0.208, 0.603, 0.244, 0.535, 0.752, 0.18, 0.289, 0.779, 0.335, 0.419, 0.673, 0.222, 0.46
0.371, 0.208, 0.603, 0.244, 0.535, 0.752, 0.18, 0.289, 0.779, 0.335, 0.419, 0.673, 0.222, 0.46
0.371, 0.208, 0.603, 0.244, 0.535, 0.752, 0.18, 0.289, 0.779, 0.335, 0.419, 0.673, 0.222, 0.46
0.371, 0.208, 0.603, 0.244, 0.535, 0.752, 0.18, 0.289, 0.779, 0.335, 0.419, 0.673, 0.222, 0.46
0.371, 0.208, 0.603, 0.244, 0.535, 0.752, 0.18, 0.289, 0.779, 0.335, 0.419, 0.673, 0.222, 0.46
0.371, 0.208, 0.603, 0.244, 0.535, 0.752, 0.18, 0.289, 0.779, 0.335, 0.419, 0.673, 0.222, 0.46
0.371, 0.208, 0.603, 0.244, 0.535, 0.752, 0.18, 0.289, 0.779, 0.335, 0.419, 0.673, 0.222, 0.46
0.371, 0.208, 0.603, 0.244, 0.535, 0.752, 0.18, 0.289, 0.779, 0.335, 0.419, 0.673, 0.222, 0.46
0.371, 0.208, 0.603, 0.244, 0.535, 0.752, 0.18, 0.289, 0.779, 0.335, 0.419, 0.673, 0.222, 0.46
0.371, 0.208, 0.603, 0.244, 0.535, 0.752, 0.18, 0.289, 0.779, 0.335, 0.419, 0.673, 0.222, 0.46
0.371, 0.208, 0.603, 0.244, 0.535, 0.752, 0.18, 0.289, 0.779, 0.335, 0.419, 0.673, 0.222, 0.46
0.371, 0.208, 0.603, 0.244, 0.535, 0.752, 0.18, 0.289, 0.779, 0.335, 0.419, 0.673, 0.222, 0.46
0.371, 0.208, 0.603, 0.244, 0.535, 0.752, 0.18, 0.289, 0.779, 0.335, 0.419, 0.673, 0.222, 0.46
0.371, 0.208, 0.603, 0.244, 0.535, 0.752, 0.18, 0.289, 0.779, 0.335, 0.419, 0.673, 0.222, 0.46
0.371, 0.208, 0.603, 0.244, 0.535, 0.752, 0.18, 0.289, 0.779, 0.335, 0.419, 0.673, 0.222, 0.46
0.371, 0.208, 0.603, 0.244, 0.535, 0.752, 0.18, 0.289, 0.779, 0.335, 0.419, 0.673, 0.222, 0.46
0.371, 0.208, 0.603, 0.244, 0.535, 0.752, 0.18, 0.289, 0.779, 0.335, 0.419, 0.673, 0.222, 0.46
0.371, 0.208, 0.603, 0.244, 0.535, 0.752, 0.18, 0.289, 0.779, 0.335, 0.419, 0.673, 0.222, 0.46
0.371, 0.208, 0.603, 0.244, 0.535, 0.752, 0.18, 0.289, 0.779, 0.335, 0.419, 0.673, 0.222, 0.46
0.371, 0.208, 0.603, 0.244, 0.535, 0.752, 0.18, 0.289, 0.779, 0.335, 0.419, 0.673, 0.222, 0.46
0.371, 0.208, 0.603, 0.244, 0.535, 0.752, 0.18, 0.289, 0.779, 0.335, 0.419, 0.673, 0.222, 0.46
0.371, 0.208, 0.603, 0.244, 0.535, 0.752, 0.18, 0.289, 0.779, 0.335, 0.419, 0.673, 0.222, 0.46
0.371, 0.208, 0.603, 0.244, 0.535, 0.752, 0.18, 0.289, 0.779, 0.335, 0.419, 0.673, 0.222, 0.46
0.371, 0.208, 0.603, 0.244, 0.535, 0.752, 0.18, 0.289, 0.779, 0.335, 0.419, 0.673, 0.222, 0.46
0.371, 0.208, 0.603, 0.244, 0.535, 0.752, 0.18, 0.289, 0.779, 0.335, 0.419, 0.673, 0.222, 0.46
0.371, 0.208, 0.603, 0.244, 0.535, 0.752, 0.18, 0.289, 0.779, 0.335, 0.419, 0.673, 0.222, 0.46
0.371, 0.208, 0.603, 0.244, 0.535, 0.752, 0.18, 0.289, 0.779, 0.335, 0.419, 0.673, 0.222, 0.46
0.371, 0.208, 0.603, 0.244, 0.535, 0.752, 0.18, 0.289, 0.779, 0.335, 0.419, 0.673, 0.222, 0.46
0.371, 0.208, 0.603, 0.244, 0.535, 0.752, 0.18, 0.289, 0.779, 0.335, 0.419, 0.673, 0.222, 0.46
0.371, 0.208, 0.603, 0.244, 0.535, 0.752, 0.18, 0.289, 0.779, 0.335, 0.419, 0.673, 0.222, 0.46
0.371, 0.208, 0.603, 0.244, 0.535, 0.752, 0.18, 0.289, 0.779, 0.335, 0.419, 0.673, 0.222, 0.46
0.371, 0.208, 0.603, 0.244, 0.535, 0.752, 0.18, 0.289, 0.779, 0.335, 0.419, 0.673, 0.222, 0.46
0.371, 0.208, 0.603, 0.244, 0.535, 0.752, 0.18, 0.289, 0.779, 0.335, 0.419, 0.673, 0.222, 0.46
0.371, 0.208, 0.603, 0.244, 0.535, 0.752, 0.18, 0.289, 0.779, 0.335, 0.419, 0.673, 0.222, 0.46
0.371, 0.208, 0.603, 0.244, 0.535, 0.752, 0.18, 0.289, 0.779, 0.335, 0.419, 0.673, 0.222, 0.46
0.371, 0.208, 0.603, 0.244, 0.535, 0.752, 0.18, 0.289, 0.779, 0.335, 0.419, 0.673, 0.222, 0.46
0.371, 0.208, 0.603, 0.244, 0.535, 0.752, 0.18, 0.289, 0.779, 0.335, 0.419, 0.673, 0.222, 0.46
0.371, 0.208, 0.603, 0.244, 0.535, 0.752, 0.18, 0.289, 0.779, 0.335, 0.419, 0.673, 0.222, 0.46
0.371, 0.208, 0.603, 0.244, 0.535, 0.752, 0.18, 0.289, 0.779, 0.335, 0.419, 0.673, 0.222, 0.46
0.371, 0.208, 0.603, 0.244, 0.535, 0.752, 0.18, 0.289, 0.779, 0.335, 0.419, 0.673, 0.222, 0.46
0.371, 0.208, 0.603, 0.244, 0.535, 0.752, 0.18, 0.289, 0.779, 0.335, 0.419, 0.673, 0.222, 0.46
0.371, 0.208, 0.603, 0.244, 0.535, 0.752, 0.18, 0.289, 0.779, 0.335, 0.419, 0.673, 0.222, 0.46
0.371, 0.208, 0.603, 0.244, 0.535, 0.752, 0.18, 0.289, 0.779, 0.335, 0.419, 0.673, 0.222, 0.46
0.371, 0.208, 0.603, 0.244, 0.535, 0.752, 0.18, 0.289, 0.779, 0.335, 0.419, 0.673, 0.222, 0.46
0.371, 0.208, 0.603, 0.244, 0.535, 0.752, 0.18, 0.289, 0.779, 0.335, 0.419, 0.673, 0.222, 0.46
0.371, 0.208, 0.603, 0.244, 0.535, 0.752, 0.18, 0.289, 0.779, 0.335, 0.419, 0.673, 0.222, 0.46
0.371, 0.208, 0.603, 0.244, 0.535, 0.752, 0.18, 0.289, 0.779, 0.335, 0.419, 0.673, 0.222, 0.46
0.371, 0.208, 0.603, 0.244, 0.535, 0.752, 0.18, 0.289, 0.779, 0.335, 0.419, 0.673, 0.222, 0.46
0.371, 0.208, 0.603, 0.244, 0.535, 0.752, 0.18, 0.289, 0.779, 0.335, 0.419, 0.673, 0.222, 0.46
0.371, 0.208, 0.603, 0.244, 0.535, 0.752, 0.18, 0.289, 0.779, 0.335, 0.419, 0.673, 0.222, 0.46
0.371, 0.208, 0.603, 0.244, 0.535, 0.752, 0.18, 0.289, 0.779, 0.335, 0.419, 0.673, 0.222, 0.46
0.371, 0.208, 0.603, 0.244, 0.535, 0.752, 0.18, 0.289, 0.779, 0.335, 0.419, 0.673, 0.222, 0.46
0.371, 0.208, 0.603, 0.244, 0.535, 0.752, 0.18, 0.289, 0.779, 0.335, 0.419, 0.673, 0.222, 0.46
0.371, 0.208, 0.603, 0.244, 0.535, 0.752, 0.18, 0.289, 0.779, 0.335, 0.419, 0.673, 0.222, 0.46
0.371, 0.208, 0.603, 0.244, 0.535, 0.752, 0.18, 0.289, 0.779, 0.335, 0.419, 0.673, 0.222, 0.46
0.371, 0.208, 0.603, 0.244, 0.535, 0.752, 0.18, 0.289, 0.779, 0.335, 0.419, 0.673, 0.222, 0.46
0.371, 0.208, 0.603, 0.244, 0.535, 0.752, 0.18, 0.289, 0.779, 0.335, 0.419, 0.673, 0.222, 0.46
0.371, 0.208, 0.603, 0.244, 0.535, 0.752, 0.18, 0.289, 0.779, 0.335, 0.419, 0.673, 0.222, 0.46
0.371, 0.208, 0.603, 0.244, 0.535, 0.752, 0.18, 0.289, 0.779, 0.335, 0.419, 0.673, 0.222, 0.46
0.371, 0.208, 0.603, 0.244, 0.535, 0.752, 0.18, 0.289, 0.779, 0.335, 0.419, 0.673, 0.222, 0.46
0.371, 0.208, 0.603, 0.244, 0.535, 0.752, 0.18, 0.289, 0.779, 0.335, 0.419, 0.673, 0.222, 0.46
0.371, 0.208, 0.603, 0.244, 0.535, 0.752, 0.18, 0.289, 0.779, 0.335, 0.419, 0.673, 0.222, 0.46
0.371, 0.208, 0.603, 0.244, 0.535, 0.752, 0.18, 0.289, 0.779, 0.335, 0.419, 0.673, 0.222, 0.46
0.371, 0.208, 0.603, 0.244, 0.535, 0.752, 0.18, 0.289, 0.779, 0.335, 0.419, 0.673, 0.222, 0.46
0.371, 0.208, 0.603, 0.244, 0.535, 0.752, 0.18, 0.289, 0.779, 0.335, 0.419, 0.673, 0.222, 0.46
0.371, 0.208, 0.603, 0.244, 0.535, 0.752, 0.18, 0.289, 0.779, 0.335, 0.419, 0.673, 0.222, 0.46
0.371, 0.208, 0.603, 0.244, 0.535, 0.752, 0.18, 0.289, 0.779, 0.335, 0.419, 0.673, 0.222, 0.46
0.371, 0.208, 0.603, 0.244, 0.535, 0.752, 0.18, 0.289, 0.779, 0.335, 0.419, 0.673, 0.222, 0.46
0.371, 0.208, 0.603, 0.244, 0.535, 0.752, 0.18, 0.289, 0.779, 0.335, 0.419, 0.673, 0.222, 0.46
0.371, 0.208, 0.603, 0.244, 0.535, 0.752, 0.18, 0.289, 0.779, 0.335, 0.419, 0.673, 0.222, 0.46
0.371, 0.208, 0.603, 0.244, 0.535, 0.752, 0.18, 0.289, 0.779, 0.335, 0.419, 0.673, 0.222, 0.46
0.371, 0.208, 0.603, 0.244, 0.535, 0.752, 0.18, 0.289, 0.779, 0.335, 0.419, 0.673, 0.222, 0.46
0.371, 0.208, 0.603, 0.244, 0.535, 0.752, 0.18, 0.289, 0.779, 0.335, 0.419, 0.673, 0.222, 0.46
0.371, 0.208, 0.603, 0.244, 0.535, 0.752, 0.18, 0.289, 0.779, 0.335, 0.419, 0.673, 0.222, 0.46
0.371, 0.208, 0.603, 0.244, 0.535, 0.752, 0.18, 0.289, 0.779, 0.335, 0.419, 0.673, 0.222, 0.46
0.371, 0.208, 0.603, 0.244, 0.535, 0.752, 0.18, 0.289, 0.779, 0.335, 0.419, 0.673, 0.222, 0.46
0.371, 0.208, 0.603, 0.244, 0.535, 0.752, 0.18, 0.289, 0.779, 0.335, 0.419, 0.673, 0.222, 0.46
0.371, 0.208, 0.603, 0.244, 0.535, 0.752, 0.18, 0.289, 0.779, 0.335, 0.419, 0.673, 0.222, 0.46
0.371, 0.208, 0.603, 0.244, 0.535, 0.752, 0.18, 0.289, 0.779, 0.335, 0.419, 0.673, 0.222, 0.46
0.371, 0.208, 0.603, 0.244, 0.535, 0.752, 0.18, 0.289, 0.779, 0.335, 0.419, 0.673, 0.222, 0.46
0.371, 0.208, 0.603, 0.244, 0.535, 0.752, 0.18, 0.289, 0.779, 0.335, 0.419, 0.673, 0.222, 0.46
0.371, 0.208, 0.603, 0.244, 0.535, 0.752, 0.18, 0.289, 0.779, 0.335, 0.419, 0.673, 0.222, 0.46
0.371, 0.208, 0.603, 0.244, 0.535, 0.752, 0.18, 0.289, 0.779, 0.335, 0.419, 0.673, 0.222, 0.46
0.371, 0.208, 0.603, 0.244, 0.535, 0.752, 0.18, 0.289, 0.779, 0.335, 0.419, 0.673, 0.222, 0.46
0.371, 0.208, 0.603, 0.244, 0.535, 0.752, 0.18, 0.289, 0.779, 0.335, 0.419, 0.673, 0.222, 0.46
0.371, 0.208, 0.603, 0.244, 0.535, 0.752, 0.18, 0.289, 0.779, 0.335, 0.419, 0.673, 0.222, 0.46
0.371, 0.208, 0.603, 0.244, 0.535, 0.752, 0.18, 0.289, 0.779, 0.335, 0.419, 0.673, 0.222, 0.46
0.371, 0.208, 0.603, 0.244, 0.535, 0.752, 0.18, 0.289, 0.779, 0.335, 0.419, 0.673, 0.222, 0.46
0.371, 0.208, 0.603, 0.244, 0.535, 0.752, 0.18, 0.289, 0.779, 0.335, 0.419, 0.673, 0.222, 0.46
0.371, 0.208, 0.603, 0.244, 0.535, 0.752, 0.18, 0.289, 0.779, 0.335, 0.419, 0.673, 0.222, 0.46
0.368, 0.222, 0.625, 0.23, 0.637, 0.752, 0.189, 0.393, 0.78, 0.338, 0.174, 0.671, 0.225, 0.384
0.368, 0.219, 0.636, 0.229, 0.567, 0.717, 0.209, 0.457, 0.764, 0.338, 0.166, 0.671, 0.223, 0.383
0.363, 0.188, 0.646, 0.223, 0.558, 0.663, 0.199, 0.691, 0.746, 0.364, 0.31, 0.658, 0.229, 0.382
0.364, 0.188, 0.648, 0.223, 0.559, 0.657, 0.205, 0.7, 0.745, 0.366, 0.343, 0.659, 0.229, 0.39
0.365, 0.187, 0.648, 0.223, 0.559, 0.651, 0.209, 0.71, 0.745, 0.368, 0.401, 0.66, 0.228, 0.424
0.365, 0.187, 0.649, 0.223, 0.562, 0.646, 0.213, 0.722, 0.747, 0.37, 0.427, 0.665, 0.228, 0.444
0.366, 0.186, 0.65, 0.224, 0.564, 0.641, 0.212, 0.736, 0.748, 0.369, 0.458, 0.67, 0.228, 0.467
0.365, 0.185, 0.65, 0.224, 0.564, 0.639, 0.211, 0.74, 0.749, 0.369, 0.47, 0.671, 0.228, 0.478
0.366, 0.185, 0.649, 0.224, 0.564, 0.636, 0.21, 0.745, 0.752, 0.371, 0.482, 0.671, 0.229, 0.481
0.366, 0.185, 0.649, 0.224, 0.565, 0.632, 0.214, 0.748, 0.755, 0.374, 0.492, 0.669, 0.23, 0.485
0.366, 0.185, 0.649, 0.225, 0.565, 0.631, 0.216, 0.749, 0.754, 0.376, 0.498, 0.666, 0.232, 0.489
0.366, 0.185, 0.649, 0.224, 0.565, 0.629, 0.217, 0.75, 0.753, 0.376, 0.5, 0.663, 0.233, 0.492
0.366, 0.185, 0.649, 0.225, 0.564, 0.629, 0.216, 0.751, 0.753, 0.377, 0.5, 0.662, 0.235, 0.495
0.365, 0.185, 0.649, 0.224, 0.564, 0.626, 0.214, 0.751, 0.752, 0.376, 0.5, 0.662, 0.241, 0.5
0.365, 0.184, 0.648, 0.224, 0.562, 0.624, 0.221, 0.75, 0.75, 0.378, 0.5, 0.66, 0.25, 0.504
0.366, 0.185, 0.648, 0.224, 0.561, 0.622, 0.226, 0.749, 0.75, 0.382, 0.5, 0.658, 0.263, 0.505
0.366, 0.185, 0.648, 0.224, 0.561, 0.622, 0.226, 0.746, 0.748, 0.389, 0.5, 0.657, 0.277, 0.506
0.366, 0.185, 0.648, 0.224, 0.561, 0.617, 0.229, 0.745, 0.746, 0.397, 0.5, 0.656, 0.292, 0.506
0.366, 0.184, 0.648, 0.225, 0.561, 0.613, 0.23, 0.743, 0.744, 0.405, 0.503, 0.655, 0.311, 0.507
0.366, 0.185, 0.647, 0.225, 0.56, 0.612, 0.229, 0.74, 0.741, 0.412, 0.503, 0.654, 0.331, 0.508
0.366, 0.185, 0.647, 0.225, 0.559, 0.614, 0.229, 0.739, 0.741, 0.412, 0.502, 0.654, 0.332, 0.508
0.366, 0.184, 0.647, 0.225, 0.557, 0.614, 0.228, 0.738, 0.741, 0.412, 0.5, 0.654, 0.332, 0.508
0.366, 0.184, 0.647, 0.225, 0.556, 0.614, 0.228, 0.737, 0.74, 0.413, 0.5, 0.655, 0.335, 0.509
0.366, 0.184, 0.648, 0.225, 0.556, 0.615, 0.228, 0.736, 0.74, 0.413, 0.5, 0.654, 0.336, 0.508
0.366, 0.183, 0.648, 0.224, 0.554, 0.618, 0.228, 0.735, 0.741, 0.412, 0.5, 0.654, 0.332, 0.508
0.365, 0.183, 0.648, 0.224, 0.552, 0.624, 0.227, 0.734, 0.742, 0.408, 0.499, 0.655, 0.324, 0.508
0.365, 0.183, 0.649, 0.224, 0.548, 0.634, 0.226, 0.734, 0.745, 0.401, 0.498, 0.655, 0.312, 0.506
0.365, 0.183, 0.649, 0.223, 0.545, 0.643, 0.224, 0.734, 0.747, 0.394, 0.498, 0.655, 0.302, 0.504
0.365, 0.183, 0.65, 0.223, 0.544, 0.653, 0.22, 0.733, 0.749, 0.387, 0.499, 0.656, 0.302, 0.504
0.365, 0.183, 0.65, 0.223, 0.544, 0.653, 0.22, 0.733, 0.749, 0.387, 0.499, 0.656, 0.302, 0.504
0.365, 0.183, 0.65, 0.223, 0.544, 0.653, 0.22, 0.733, 0.749, 0.387, 0.499, 0.656, 0.302, 0.504
0.365, 0.183, 0.65, 0.223, 0.544, 0.653, 0.22, 0.733, 0.749, 0.387, 0.499, 0.656, 0.302, 0.504
0.365, 0.183, 0.65, 0.223, 0.544, 0.653, 0.22, 0.733, 0.749, 0.387, 0.499, 0.656, 0.302, 0.504
0.365, 0.183, 0.65, 0.223, 0.544, 0.653, 0.22, 0.733, 0.749, 0.387, 0.499, 0.656, 0.302, 0.504
0.365, 0.183, 0.65, 0.223, 0.544, 0.653, 0.22, 0.733, 0.749, 0.387, 0.499, 0.656, 0.302, 0.504
0.365, 0.183, 0.65, 0.223, 0.544, 0.653, 0.22, 0.733, 0.749, 0.387, 0.499, 0.656, 0.302, 0.504
0.365, 0.183, 0.65, 0.223, 0.544, 0.653, 0.22, 0.733, 0.749, 0.387, 0.499, 0.656, 0.302, 0.504
0.365, 0.183, 0.65, 0.223, 0.544, 0.653, 0.22, 0.733, 0.749, 0.387, 0.499, 0.656, 0.302, 0.504
0.365, 0.183, 0.65, 0.223, 0.544, 0.653, 0.22, 0.733, 0.749, 0.387, 0.499, 0.656, 0.302, 0.504
0.365, 0.183, 0.65, 0.223, 0.544, 0.653, 0.22, 0.733, 0.749, 0.387, 0.499, 0.656, 0.302, 0.504
0.365, 0.183, 0.65, 0.223, 0.544, 0.653, 0.22, 0.733, 0.749, 0.387, 0.499, 0.656, 0.302, 0.504
0.365, 0.183, 0.65, 0.223, 0.544, 0.653, 0.22, 0.733, 0.749, 0.387, 0.499, 0.656, 0.302, 0.504
0.365, 0.183, 0.65, 0.223, 0.544, 0.653, 0.22, 0.733, 0.749, 0.387, 0.499, 0.656, 0.302, 0.504
0.365, 0.183, 0.65, 0.223, 0.544, 0.653, 0.22, 0.733, 0.749, 0.387, 0.499, 0.656, 0.302, 0.504
0.365, 0.183, 0.65, 0.223, 0.544, 0.653, 0.22, 0.733, 0.749, 0.387, 0.499, 0.656, 0.302, 0.504
0.365, 0.183, 0.65, 0.223, 0.544, 0.653, 0.22, 0.733, 0.749, 0.387, 0.499, 0.656, 0.302, 0.504
0.365, 0.183, 0.65, 0.223, 0.544, 0.653, 0.22, 0.733, 0.749, 0.387, 0.499, 0.656, 0.302, 0.504
0.365, 0.183, 0.65, 0.223, 0.544, 0.653, 0.22, 0.733, 0.749, 0.387, 0.499, 0.656, 0.302, 0.504
0.365, 0.183, 0.65, 0.223, 0.544, 0.653, 0.22, 0.733, 0.749, 0.387, 0.499, 0.656, 0.302, 0.504
0.365, 0.183, 0.65, 0.223, 0.544, 0.653, 0.22, 0.733, 0.749, 0.387, 0.499, 0.656, 0.302, 0.504
0.365, 0.183, 0.65, 0.223, 0.544, 0.653, 0.22, 0.733, 0.749, 0.387, 0.499, 0.656, 0.302, 0.504
0.365, 0.183, 0.65, 0.223, 0.544, 0.653, 0.22, 0.733, 0.749, 0.387, 0.499, 0.656, 0.302, 0.504
0.365, 0.183, 0.65, 0.223, 0.544, 0.653, 0.22, 0.733, 0.749, 0.387, 0.499, 0.656, 0.302, 0.504
0.365, 0.183, 0.65, 0.223, 0.544, 0.653, 0.22, 0.733, 0.749, 0.387, 0.499, 0.656, 0.302, 0.504
0.365, 0.183, 0.65, 0.223, 0.544, 0.653, 0.22, 0.733, 0.749, 0.387, 0.499, 0.656, 0.302, 0.504
0.365, 0.183, 0.65, 0.223, 0.544, 0.653, 0.22, 0.733, 0.749, 0.387, 0.499, 0.656, 0.302, 0.504
0.365, 0.183, 0.65, 0.223, 0.544, 0.653, 0.22, 0.733, 0.749, 0.387, 0.499, 0.656, 0.302, 0.504
0.365, 0.183, 0.65, 0.223, 0.544, 0.653, 0.22, 0.733, 0.749, 0.387, 0.499, 0.656, 0.302, 0.504
0.365, 0.183, 0.65, 0.223, 0.544, 0.653, 0.22, 0.733, 0.749, 0.387, 0.499, 0.656, 0.302, 0.504
0.365, 0.183, 0.65, 0.223, 0.544, 0.653, 0.22, 0.733, 0.749, 0.387, 0.499, 0.656, 0.302, 0.504
0.365, 0.183, 0.65, 0.223, 0.544, 0.653, 0.22, 0.733, 0.749, 0.387, 0.499, 0.656, 0.302, 0.504
0.365, 0.183, 0.65, 0.223, 0.544, 0.653, 0.22, 0.733, 0.749, 0.387, 0.499, 0.656, 0.302, 0.504
0.365, 0.183, 0.65, 0.223, 0.544, 0.653, 0.22, 0.733, 0.749, 0.387, 0.499, 0.656, 0.302, 0.504
0.365, 0.183, 0.65, 0.223, 0.544, 0.653, 0.22, 0.733, 0.749, 0.387, 0.499, 0.656, 0.302, 0.504
0.365, 0.183, 0.65, 0.223, 0.544, 0.653, 0.22, 0.733, 0.749, 0.387, 0.499, 0.656, 0.302, 0.504
0.365, 0.183, 0.65, 0.223, 0.544, 0.653, 0.22, 0.733, 0.749, 0.387, 0.499, 0.656, 0.302, 0.504
0.365, 0.183, 0.65, 0.223, 0.544, 0.653, 0.22, 0.733, 0.749, 0.387, 0.499, 0.656, 0.302, 0.504
0.365, 0.183, 0.65, 0.223, 0.544, 0.653, 0.22, 0.733, 0.749, 0.387, 0.499, 0.656, 0.302, 0.504
0.365, 0.183, 0.65, 0.223, 0.544, 0.653, 0.22, 0.733, 0.749, 0.387, 0.499, 0.656, 0.302, 0.504
0.365, 0.183, 0.65, 0.223, 0.544, 0.653, 0.22, 0.733, 0.749, 0.387, 0.499, 0.656, 0.302, 0.504
0.365, 0.183, 0.65, 0.223, 0.544, 0.653, 0.22, 0.733, 0.749, 0.387, 0.499, 0.656, 0.302, 0.504
0.365, 0.183, 0.65, 0.223, 0.544, 0.653, 0.22, 0.733, 0.749, 0.387, 0.499, 0.656, 0.302, 0.504
0.365, 0.183, 0.65, 0.223, 0.544, 0.653, 0.22, 0.733, 0.749, 0.387, 0.499, 0.656, 0.302, 0.504
0.365, 0.183, 0.65, 0.223, 0.544, 0.653, 0.22, 0.733, 0.749, 0.387, 0.499, 0.656, 0.302, 0.504
0.365, 0.183, 0.65, 0.223, 0.544, 0.653, 0.22, 0.733, 0.749, 0.387, 0.499, 0.656, 0.302, 0.504
0.365, 0.183, 0.65, 0.223, 0.544, 0.653, 0.22, 0.733, 0.749, 0.387, 0.499, 0.656, 0.302, 0.504
0.365, 0.183, 0.65, 0.223, 0.544, 0.653, 0.22, 0.733, 0.749, 0.387, 0.499, 0.656, 0.302, 0.504
0.365, 0.183, 0.65, 0.223, 0.544, 0.653, 0.22, 0.733, 0.749, 0.387, 0.499, 0.656, 0.302, 0.504
0.365, 0.183, 0.65, 0.223, 0.544, 0.653, 0.22, 0.733, 0.749, 0.387, 0.499, 0.656, 0.302, 0.504
0.365, 0.183, 0.65, 0.223, 0.544, 0.653, 0.22, 0.733, 0.749, 0.387, 0.499, 0.656, 0.302, 0.504
0.365, 0.183, 0.65, 0.223, 0.544, 0.653, 0.22, 0.733, 0.749, 0.387, 0.499, 0.656, 0.302, 0.504
0.365, 0.183, 0.65, 0.223, 0.544, 0.653, 0.22, 0.733, 0.749, 0.387, 0.499, 0.656, 0.302, 0.504
0.365, 0.183, 0.65, 0.223, 0.544, 0.653, 0.22, 0.733, 0.749, 0.387, 0.499, 0.656, 0.302, 0.504
0.365, 0.183, 0.65, 0.223, 0.544, 0.653, 0.22, 0.733, 0.749, 0.387, 0.499, 0.656, 0.302, 0.504
0.365, 0.183, 0.65, 0.223, 0.544, 0.653, 0.22, 0.733, 0.749, 0.387, 0.499, 0.656, 0.302, 0.504
0.365, 0.183, 0.65, 0.223, 0.544, 0.653, 0.22, 0.733, 0.749, 0.387, 0.499, 0.656, 0.302, 0.504
0.365, 0.183, 0.65, 0.223, 0.544, 0.653, 0.22, 0.733, 0.749, 0.387, 0.499, 0.656, 0.302, 0.504
0.365, 0.183, 0.65, 0.223, 0.544, 0.653, 0.22, 0.733, 0.749, 0.387, 0.499, 0.656, 0.302, 0.504
0.365, 0.183, 0.65, 0.223, 0.544, 0.653, 0.22, 0.733, 0.749, 0.387, 0.499, 0.656, 0.302, 0.504
0.365, 0.183, 0.65, 0.223, 0.544, 0.653, 0.22, 0.733, 0.749, 0.387, 0.499, 0.656, 0.302, 0.504
0.365, 0.183, 0.65, 0.223, 0.544, 0.653, 0.22, 0.733, 0.749, 0.387, 0.499, 0.656, 0.302, 0.504
0.365, 0.183, 0.65, 0.223, 0.544, 0.653, 0.22, 0.733, 0.749, 0.387, 0.499, 0.656, 0.302, 0.504
0.365, 0.183, 0.65, 0.223, 0.544, 0.653, 0.22, 0.733, 0.749, 0.387, 0.499, 0.656, 0.302, 0.504
0.365, 0.183, 0.65, 0.223, 0.544, 0.653, 0.22, 0.733, 0.749, 0.387, 0.499, 0.656, 0.302, 0.504
0.365, 0.183, 0.65, 0.223, 0.544, 0.653, 0.22, 0.733, 0.749, 0.387, 0.499, 0.656, 0.302, 0.504
0.365, 0.183, 0.65, 0.223, 0.544, 0.653, 0.22, 0.733, 0.749, 0.387, 0.499, 0.656, 0.302, 0.504
0.365, 0.183, 0.65, 0.223, 0.544, 0.653, 0.22, 0.733, 0.749, 0.387, 0.499, 0.656, 0.302, 0.504
0.365, 0.183, 0.65, 0.223, 0.544, 0.653, 0.22, 0.733, 0.749, 0.387, 0.499, 0.656, 0.302, 0.504
0.365, 0.183, 0.65, 0.223, 0.544, 0.653, 0.22, 0.733, 0.749, 0.387, 0.499, 0.656, 0.302, 0.504
0.365, 0.183, 0.65, 0.223, 0.544, 0.653, 0.22, 0.733, 0.749, 0.387, 0.499, 0.656, 0.302, 0.504
0.365, 0.183, 0.65, 0.223, 0.544, 0.653, 0.22, 0.733, 0.749, 0.387, 0.499, 0.656, 0.302, 0.504
0.365, 0.183, 0.65, 0.223, 0.544, 0.653, 0.22, 0.733, 0.749, 0.387, 0.499, 0.656, 0.302, 0.504
0.365, 0.183, 0.65, 0.223, 0.544, 0.653, 0.22, 0.733, 0.749, 0.387, 0.499, 0.656, 0.302, 0.504
0.365, 0.183, 0.65, 0.223, 0.544, 0.653, 0.22, 0.733, 0.749, 0.387, 0.499, 0.656, 0.302, 0.504
0.365, 0.183, 0.65, 0.223, 0.544, 0.653, 0.22, 0.733, 0.749, 0.387, 0.499, 0.656, 0.302, 0.504
0.365, 0.183, 0.65, 0.223, 0.544, 0.653, 0.22, 0.733, 0.749, 0.387, 0.499, 0.656, 0.302, 0.504
0.365, 0.183, 0.65, 0.223, 0.544, 0.653, 0.22, 0.733, 0.749, 0.387, 0.499, 0.656, 0.302, 0.504
0.365, 0.183, 0.65, 0.223, 0.544, 0.653, 0.22, 0.733, 0.749, 0.387, 0.499, 0.656, 0.302, 0.504
0.365, 0.183, 0.65, 0.223, 0.544, 0.653, 0.22, 0.733, 0.749, 0.387, 0.499, 0.656, 0.302, 0.504
0.365, 0.183, 0.65, 0.223, 0.544, 0.653, 0.22, 0.733, 0.749, 0.387, 0.499, 0.656, 0.302, 0.504
0.365, 0.183, 0.65, 0.223, 0.544, 0.653, 0.22, 0.733, 0.749, 0.387, 0.499, 0.656, 0.302, 0.504
0.365, 0.183, 0.65, 0.223, 0.544, 0.653, 0.22, 0.733, 0.749, 0.387, 0.499, 0.656, 0.302, 0.504
0.365, 0.183, 0.65, 0.223, 0.544, 0.653, 0.22, 0.733, 0.749, 0.387, 0.499, 0.656, 0.302, 0.504
0.365, 0.183, 0.65, 0.223, 0.544, 0.653, 0.22, 0.733, 0.749, 0.387, 0.499, 0.656, 0.302, 0.504
0.365, 0.183, 0.65, 0.223, 0.544, 0.653, 0.22, 0.733, 0.749, 0.387, 0.499, 0.656, 0.302, 0.504
0.365, 0.183, 0.65, 0.223, 0.544, 0.653, 0.22, 0.733, 0.749, 0.387, 0.499, 0.656, 0.302, 0.504
0.365, 0.183, 0.65, 0.223, 0.544, 0.653, 0.22, 0.733, 0.749, 0.387, 0.499, 0.656, 0.302, 0.504
0.365, 0.183, 0.65, 0.223, 0.544, 0.653, 0.22, 0.733, 0.749, 0.387, 0.499, 0.656, 0.302, 0.504
0.365, 0.183, 0.65, 0.223, 0.544, 0.653, 0.22, 0.733, 0.749, 0.387, 0.499, 0.656, 0.302, 0.504
0.365, 0.183, 0.65, 0.223, 0.544, 0.653, 0.22, 0.733, 0.749, 0.387, 0.499, 0.656, 0.302, 0.504
0.365, 0.183, 0.65, 0.223, 0.544, 0.653, 0.22, 0.733, 0.749, 0.387, 0.499, 0.656, 0.302, 0.504
0.365, 0.183, 0.65, 0.223, 0.544, 0.653, 0.22, 0.733, 0.749, 0.387, 0.499, 0.656, 0.302, 0.504
0.365, 0.183, 0.65, 0.223, 0.544, 0.653, 0.22, 0.733, 0.749, 0.387, 0.499, 0.656, 0.302, 0.504
0.365, 0.183, 0.65, 0.223, 0.544, 0.653, 0.22, 0.733, 0.749, 0.387, 0.499, 0.656, 0.302, 0.504
0.365, 0.183, 0.65, 0.223, 0.544, 0.653, 0.22, 0.733, 0.749, 0.387, 0.499, 0.656, 0.302, 0.504
0.365, 0.183, 0.65, 0.223, 0.544, 0.653, 0.22, 0.733, 0.749, 0.387, 0.499, 0.656, 0.302, 0.504
0.365, 0.183, 0.65, 0.223, 0.544, 0.653, 0.22, 0.733, 0.749, 0.387, 0.499, 0.656, 0.302, 0.504
0.365, 0.183, 0.65, 0.223, 0.544, 0.653, 0.22, 0.733, 0.749, 0.387, 0.499, 0.656, 0.302, 0.504
0.365, 0.183, 0.65, 0.223, 0.544, 0.653, 0.22, 0.733, 0.749, 0.387, 0.499, 0.656, 0.302, 0.504
0.365, 0.183, 0.65, 0.223, 0.544, 0.653, 0.22, 0.733, 0.749, 0.387, 0.499, 0.656, 0.302, 0.504
0.365, 0.183, 0.65, 0.223, 0.544, 0.653, 0.22, 0.733, 0.749, 0.387, 0.499, 0.656, 0.302, 0.504
0.365, 0.183, 0.65, 0.223, 0.544, 0.653, 0.22, 0.733, 0.749, 0.387, 0.499, 0.656, 0.302, 0.504
0.365, 0.183, 0.65, 0.223, 0.544, 0.653, 0.22, 0.733, 0.749, 0.387, 0.499, 0.656, 0.302, 0.504
0.365, 0.183, 0.65, 0.223, 0.544, 0.653, 0.22, 0.733, 0.749, 0.387, 0.499, 0.656, 0.302, 0.504
0.365, 0.183, 0.65, 0.223, 0.544, 0.653, 0.22, 0.733, 0.749, 0.387, 0.499, 0.656, 0.302, 0.504
0.365, 0.183, 0.65, 0.223, 0.544, 0.653, 0.22, 0.733, 0.749, 0.387, 0.499, 0.656, 0.302, 0.504
0.365, 0.183, 0.65, 0.223, 0.544, 0.653, 0.22, 0.733, 0.749, 0.387, 0.499, 0.656, 0.302, 0.504
0.365, 0.183, 0.65, 0.223, 0.544, 0.653, 0.22, 0.733, 0.749, 0.387, 0.499, 0.656, 0.302, 0.504
0.365, 0.183, 0.65, 0.223, 0.544, 0.653, 0.22, 0.733, 0.749, 0.387, 0.499, 0.656, 0.302, 0.504
0.365, 0.183, 0.65, 0.223, 0.544, 0.653, 0.22, 0.733, 0.749, 0.387, 0.499, 0.656, 0.302, 0.504
0.365, 0.183, 0.65, 0.223, 0.544, 0.653, 0.22, 0.733, 0.749, 0.387, 0.499, 0.656, 0.302, 0.504
0.365, 0.183, 0.65, 0.223, 0.544, 0.653, 0.22, 0.733, 0.749, 0.387, 0.499, 0.656, 0.302, 0.504
0.365, 0.183, 0.65, 0.223, 0.544, 0.653, 0.22, 0.733, 0.749, 0.387, 0.499, 0.656, 0.302, 0.504
0.365, 0.183, 0.65, 0.223, 0.544, 0.653, 0.22, 0.733, 0.749, 0.387, 0.499, 0.656, 0.302, 0.504
0.365, 0.183, 0.65, 0.223, 0.544, 0.653, 0.22, 0.733, 0.749, 0.387, 0.499, 0.656, 0.302, 0.504
0.365, 0.183, 0.65, 0.223, 0.544, 0.653, 0.22, 0.733, 0.749, 0.387, 0.499, 0.656, 0.302, 0.504
0.365, 0.183, 0.65, 0.223, 0.544, 0.653, 0.22, 0.733, 0.749, 0.387, 0.499, 0.656, 0.302, 0.504
0.365, 0.183, 0.65, 0.223, 0.544, 0.653, 0.22, 0.733, 0.749, 0.387, 0.499, 0.656, 0.302, 0.504
0.365, 0.183, 0.65, 0.223, 0.544, 0.653, 0.22, 0.733, 0.749, 0.387, 0.499, 0.656, 0.302, 0.504
0.365, 0.183, 0.65, 0.223, 0.544, 0.653, 0.22, 0.733, 0.749, 0.387, 0.499, 0.656, 0.302, 0.504
0.365, 0.183, 0.65, 0.223, 0.544, 0.653, 0.22, 0.733, 0.749, 0.387, 0.499, 0.656, 0.302, 0.504
0.365, 0.183, 0.65, 0.223, 0.544, 0.653, 0.22, 0.733, 0.749, 0.387, 0.499, 0.656, 0.302, 0.504
0.365, 0.183, 0.65, 0.223, 0.544, 0.653, 0.22, 0.733, 0.749, 0.387, 0.499, 0.656, 0.302, 0.504
0.365, 0.183, 0.65, 0.223, 0.544, 0.653, 0.22, 0.733, 0.749, 0.387, 0.499, 0.656, 0.302, 0.504
0.365, 0.183, 0.65, 0.223, 0.544, 0.653, 0.22, 0.733, 0.749, 0.387, 0.499, 0.656, 0.302, 0.504
0.365, 0.183, 0.65, 0.223, 0.544, 0.653, 0.22, 0.733, 0.749, 0.387, 0.499, 0.656, 0.302, 0.504
0.365, 0.183, 0.65, 0.223, 0.544, 0.653, 0.22, 0.733, 0.749, 0.387, 0.499, 0.656, 0.302, 0.504
0.365, 0.183, 0.65, 0.223, 0.544, 0.653, 0.22, 0.733, 0.749, 0.387, 0.499, 0.656, 0.302, 0.504
0.365, 0.183, 0.65, 0.223, 0.544, 0.653, 0.22, 0.733, 0.749, 0.387, 0.499, 0.656, 0.302, 0.504
0.365, 0.183, 0.65, 0.223, 0.544, 0.653, 0.22, 0.733, 0.749, 0.387, 0.499, 0.656, 0.302, 0.504
0.365, 0.183, 0.65, 0.223, 0.544, 0.653, 0.22, 0.733, 0.749, 0.387, 0.499, 0.656, 0.302, 0.504
0.365, 0.183, 0.65, 0.223, 0.544, 0.653, 0.22, 0.733, 0.749, 0.387, 0.499, 0.656, 0.302, 0.504
0.365, 0.183, 0.65, 0.223, 0.544, 0.653, 0.22, 0.733, 0.749, 0.387, 0.499, 0.656, 0.302, 0.504
0.365, 0.183, 0.65, 0.223, 0.544, 0.653, 0.22, 0.733, 0.749, 0.387, 0.499, 0.656, 0.302, 0.504
0.365, 0.183, 0.65, 0.223, 0.544, 0.653, 0.22, 0.733, 0.749, 0.387, 0.499, 0.656, 0.302, 0.504
0.365, 0.183, 0.65, 0.223, 0.544, 0.653, 0.22, 0.733, 0.749, 0.387, 0.499, 0.656, 0.302, 0.504
0.365, 0.183, 0.65, 0.223, 0.544, 0.653, 0.22, 0.733, 0.749, 0.387, 0.499, 0.656, 0.302, 0.504
0.365, 0.183, 0.65, 0.223, 0.544, 0.653, 0.22, 0.733, 0.749, 0.387, 0.499, 0.656, 0.302, 0.504
0.365, 0.183, 0.65, 0.223, 0.544, 0.653, 0.22, 0.733, 0.749, 0.387, 0.499, 0.656, 0.302, 0.504
0.365, 0.183, 0.65, 0.223, 0.544, 0.653, 0.22, 0.733, 0.749, 0.387, 0.499, 0.656, 0.302, 0.504
0.365, 0.183, 0.65, 0.223, 0.544, 0.653, 0.22, 0.733, 0.749, 0.387, 0.499, 0.656, 0.302, 0.504
0.365, 0.183, 0.65, 0.223, 0.544, 0.653, 0.22, 0.733, 0.749, 0.387, 0.499, 0.656, 0.302, 0.504
0.365, 0.183, 0.65, 0.223, 0.544, 0.653, 0.22, 0.733, 0.749, 0.387, 0.499, 0.656, 0.302, 0.504
0.365, 0.183, 0.65, 0.223, 0.544, 0.653, 0.22, 0.733, 0.749, 0.387, 0.499, 0.656, 0.302, 0.504
0.365, 0.183, 0.65, 0.223, 0.544, 0.653, 0.22, 0.733, 0.749, 0.387, 0.499, 0.656, 0.302, 0.504
0.365, 0.183, 0.65, 0.223, 0.544, 0.653, 0.22, 0.733, 0.749, 0.387, 0.499, 0.656, 0.302, 0.504
0.365, 0.183, 0.65, 0.223, 0.544, 0.653, 0.22, 0.733, 0.749, 0.387, 0.499, 0.656, 0.302, 0.504
0.365, 0.183, 0.65, 0.223, 0.544, 0.653, 0.22, 0.733, 0.749, 0.387, 0.499, 0.656, 0.302, 0.504
0.365, 0.183, 0.65, 0.223, 0.544, 0.653, 0.22, 0.733, 0.749, 0.387, 0.499, 0.656, 0.302, 0.504
0.365, 0.183, 0.65, 0.223, 0.544, 0.653, 0.22, 0.733, 0.749, 0.387, 0.499, 0.656, 0.302, 0.504
0.365, 0.183, 0.65, 0.223, 0.544, 0.653, 0.22, 0.733, 0.749, 0.387, 0.499, 0.656, 0.302, 0.504
0.365, 0.183, 0.65, 0.223, 0.544, 0.653, 0.22, 0.733, 0.749, 0.387, 0.499, 0.656, 0.302, 0.504
0.365, 0.183, 0.65, 0.223, 0.544, 0.653, 0.22, 0.733, 0.749, 0.387, 0.499, 0.656, 0.302, 0.504
0.365, 0.183, 0.65, 0.223, 0.544, 0.653, 0.22, 0.733, 0.749, 0.387, 0.499, 0.656, 0.302, 0.504
0.365, 0.183, 0.65, 0.223, 0.544, 0.653, 0.22, 0.733, 0.749, 0.387, 0.499, 0.656, 0.302, 0.504
0.478, 0.46, 0.565, 0.224, 0.8, 0.748, 0.21, 0.55, 0.75, 0.371, 0.439, 0.661, 0.291, 0.532
0.504, 0.418, 0.582, 0.222, 0.802, 0.748, 0.225, 0.565, 0.746, 0.388, 0.461, 0.661, 0.355, 0.541
0.512, 0.385, 0.582, 0.222, 0.8, 0.749, 0.233, 0.566, 0.746, 0.392, 0.468, 0.661, 0.369, 0.543
0.511, 0.386, 0.582, 0.222, 0.8, 0.749, 0.232, 0.566, 0.746, 0.392, 0.469, 0.661, 0.368, 0.543
0.511, 0.386, 0.582, 0.222, 0.799, 0.749, 0.233, 0.566, 0.746, 0.392, 0.469, 0.661, 0.368, 0.543
0.511, 0.386, 0.582, 0.222, 0.8, 0.749, 0.233, 0.566, 0.746, 0.392, 0.469, 0.661, 0.369, 0.544
0.511, 0.386, 0.582, 0.222, 0.799, 0.749, 0.233, 0.566, 0.746, 0.392, 0.469, 0.661, 0.368, 0.543
0.511, 0.386, 0.582, 0.223, 0.799, 0.749, 0.233, 0.566, 0.746, 0.392, 0.469, 0.661, 0.368, 0.543
0.511, 0.386, 0.582, 0.222, 0.799, 0.749, 0.233, 0.566, 0.746, 0.392, 0.47, 0.661, 0.369, 0.544
0.511, 0.387, 0.582, 0.222, 0.799, 0.749, 0.234, 0.566, 0.746, 0.392, 0.47, 0.661, 0.369, 0.544
0.511, 0.386, 0.582, 0.222, 0.799, 0.749, 0.234, 0.566, 0.746, 0.392, 0.47, 0.661, 0.369, 0.544
0.511, 0.386, 0.582, 0.223, 0.799, 0.749, 0.234, 0.566, 0.746, 0.393, 0.47, 0.661, 0.369, 0.544
0.51, 0.387, 0.582, 0.222, 0.799, 0.749, 0.234, 0.566, 0.746, 0.392, 0.47, 0.661, 0.369, 0.543
0.51, 0.387, 0.582, 0.222, 0.799, 0.749, 0.234, 0.566, 0.746, 0.392, 0.47, 0.661, 0.368, 0.544
0.51, 0.387, 0.582, 0.222, 0.799, 0.749, 0.233, 0.566, 0.746, 0.392, 0.47, 0.661, 0.369, 0.543
0.51, 0.387, 0.582, 0.223, 0.799, 0.749, 0.233, 0.566, 0.746, 0.392, 0.47, 0.661, 0.369, 0.543
0.51, 0.387, 0.582, 0.223, 0.799, 0.749, 0.233, 0.566, 0.746, 0.392, 0.471, 0.661, 0.369, 0.543
0.51, 0.387, 0.582, 0.223, 0.798, 0.749, 0.233, 0.566, 0.746, 0.392, 0.47, 0.661, 0.369, 0.543
0.51, 0.388, 0.582, 0.223, 0.798, 0.749, 0.232, 0.566, 0.747, 0.391, 0.47, 0.661, 0.367, 0.543
0.51, 0.389, 0.582, 0.223, 0.798, 0.749, 0.232, 0.566, 0.747, 0.391, 0.47, 0.661, 0.366, 0.543
0.51, 0.39, 0.582, 0.223, 0.798, 0.749, 0.231, 0.566, 0.747, 0.391, 0.47, 0.661, 0.365, 0.543
0.51, 0.389, 0.582, 0.223, 0.798, 0.749, 0.23, 0.567, 0.747, 0.391, 0.47, 0.661, 0.365, 0.543
0.51, 0.39, 0.582, 0.223, 0.798, 0.749, 0.231, 0.567, 0.747, 0.391, 0.47, 0.661, 0.366, 0.543
0.51, 0.389, 0.582, 0.223, 0.798, 0.749, 0.231, 0.567, 0.747, 0.39, 0.47, 0.661, 0.366, 0.542
0.51, 0.389, 0.582, 0.222, 0.798, 0.749, 0.231, 0.567, 0.747, 0.391, 0.471, 0.661, 0.366, 0.542
0.51, 0.388, 0.582, 0.222, 0.799, 0.749, 0.231, 0.568, 0.747, 0.39, 0.471, 0.661, 0.367, 0.542
0.51, 0.389, 0.582, 0.223, 0.799, 0.749, 0.231, 0.568, 0.747, 0.39, 0.471, 0.661, 0.367, 0.542
0.51, 0.389, 0.582, 0.222, 0.799, 0.75, 0.231, 0.568, 0.747, 0.39, 0.471, 0.661, 0.368, 0.542
0.51, 0.389, 0.582, 0.222, 0.799, 0.75, 0.23, 0.568, 0.747, 0.39, 0.471, 0.661, 0.368, 0.542
0.51, 0.389, 0.582, 0.222, 0.799, 0.75, 0.23, 0.569, 0.747, 0.39, 0.471, 0.661, 0.369, 0.542
0.51, 0.389, 0.582, 0.223, 0.799, 0.75, 0.229, 0.569, 0.747, 0.39, 0.471, 0.661, 0.368, 0.542
0.51, 0.39, 0.581, 0.222, 0.799, 0.75, 0.229, 0.569, 0.748, 0.39, 0.471, 0.661, 0.369, 0.542
0.51, 0.39, 0.581, 0.222, 0.799, 0.75, 0.229, 0.569, 0.747, 0.39, 0.471, 0.661, 0.368, 0.542
0.51, 0.39, 0.581, 0.223, 0.799, 0.749, 0.229, 0.569, 0.748, 0.39, 0.471, 0.661, 0.369, 0.542
0.51, 0.39, 0.582, 0.223, 0.8, 0.75, 0.229, 0.57, 0.748, 0.39, 0.471, 0.661, 0.369, 0.542
0.51, 0.39, 0.581, 0.223, 0.8, 0.75, 0.229, 0.57, 0.748, 0.39, 0.471, 0.661, 0.369, 0.542
0.51, 0.39, 0.581, 0.223, 0.8, 0.75, 0.229, 0.57, 0.748, 0.39, 0.472, 0.661, 0.369, 0.542
0.51, 0.39, 0.581, 0.223, 0.8, 0.75, 0.229, 0.57, 0.748, 0.39, 0.472, 0.661, 0.369, 0.542
0.51, 0.39, 0.581, 0.223, 0.8, 0.75, 0.229, 0.57, 0.748, 0.39, 0.472, 0.661, 0.369, 0.542
0.51, 0.39, 0.581, 0.223, 0.8, 0.75, 0.228, 0.57, 0.748, 0.39, 0.472, 0.661, 0.369, 0.542
0.51, 0.39, 0.582, 0.223, 0.8, 0.75, 0.228, 0.57, 0.748, 0.39, 0.472, 0.661, 0.369, 0.542
0.51, 0.39, 0.582, 0.223, 0.8, 0.75, 0.228, 0.571, 0.748, 0.39, 0.472, 0.661, 0.369, 0.542
0.51, 0.39, 0.582, 0.223, 0.8, 0.75, 0.228, 0.571, 0.748, 0.39, 0.472, 0.661, 0.37, 0.542
0.51, 0.39, 0.582, 0.223, 0.799, 0.75, 0.228, 0.571, 0.748, 0.39, 0.472, 0.661, 0.37, 0.542
0.51, 0.39, 0.582, 0.223, 0.8, 0.75, 0.228, 0.571, 0.748, 0.39, 0.472, 0.661, 0.37, 0.542
0.51, 0.39, 0.582, 0.223, 0.8, 0.75, 0.228, 0.571, 0.748, 0.39, 0.472, 0.661, 0.37, 0.542
0.51, 0.39, 0.581, 0.223, 0.8, 0.75, 0.228, 0.571, 0.748, 0.39, 0.472, 0.661, 0.37, 0.542
0.509, 0.39, 0.581, 0.223, 0.8, 0.75, 0.228, 0.571, 0.748, 0.39, 0.472, 0.661, 0.37, 0.542
0.51, 0.39, 0.581, 0.223, 0.8, 0.75, 0.228, 0.571, 0.748, 0.39, 0.472, 0.661, 0.37, 0.542
0.51, 0.39, 0.581, 0.223, 0.8, 0.75, 0.228, 0.571, 0.748, 0.39, 0.472, 0.661, 0.37, 0.542
0.51, 0.39, 0.581, 0.223, 0.8, 0.75, 0.228, 0.571, 0.748, 0.39, 0.472, 0.661, 0.37, 0.542
0.51, 0.39, 0.581, 0.223, 0.8, 0.75, 0.228, 0.571, 0.748, 0.39, 0.472, 0.661, 0.369, 0.542
0.51, 0.39, 0.581, 0.223, 0.8, 0.75, 0.228, 0.572, 0.748, 0.39, 0.472, 0.661, 0.37, 0.542
0.51, 0.39, 0.581, 0.223, 0.8, 0.75, 0.228, 0.572, 0.748, 0.39, 0.472, 0.661, 0.37, 0.542
0.51, 0.39, 0.581, 0.223, 0.8, 0.75, 0.228, 0.572, 0.748, 0.39, 0.473, 0.661, 0.37, 0.542
0.51, 0.39, 0.581, 0.223, 0.8, 0.75, 0.228, 0.572, 0.748, 0.39, 0.473, 0.661, 0.37, 0.542
0.51, 0.39, 0.581, 0.223, 0.8, 0.75, 0.228, 0.572, 0.748, 0.39, 0.473, 0.661, 0.37, 0.542
0.51, 0.39, 0.581, 0.223, 0.8, 0.75, 0.228, 0.572, 0.748, 0.39, 0.473, 0.661, 0.37, 0.542
0.51, 0.39, 0.581, 0.223, 0.8, 0.75, 0.228, 0.572, 0.748, 0.39, 0.473, 0.661, 0.37, 0.542
0.51, 0.39, 0.581, 0.223, 0.8, 0.75, 0.228, 0.572, 0.748, 0.39, 0.473, 0.661, 0.37, 0.542
0.51, 0.39, 0.581, 0.223, 0.8, 0.75, 0.228, 0.572, 0.748, 0.39, 0.473, 0.661, 0.37, 0.542
0.51, 0.39, 0.581, 0.223, 0.8, 0.75, 0.228, 0.572, 0.748, 0.39, 0.473, 0.661, 0.37, 0.542
0.51, 0.39, 0.581, 0.223, 0.8, 0.75, 0.228, 0.572, 0.748, 0.39, 0.473, 0.661, 0.37, 0.542
0.51, 0.39, 0.581, 0.223, 0.8, 0.75, 0.228, 0.572, 0.748, 0.39, 0.473, 0.661, 0.37, 0.542
0.51, 0.39, 0.581, 0.223, 0.8, 0.75, 0.228, 0.572, 0.748, 0.39, 0.473, 0.661, 0.37, 0.542
0.51, 0.39, 0.581, 0.223, 0.8, 0.75, 0.228, 0.572, 0.748, 0.39, 0.473, 0.661, 0.37, 0.542
0.51, 0.39, 0.581, 0.223, 0.8, 0.75, 0.228, 0.572, 0.748, 0.39, 0.473, 0.661, 0.37, 0.542
0.51, 0.39, 0.581, 0.223, 0.8, 0.75, 0.228, 0.572, 0.748, 0.39, 0.473, 0.661, 0.37, 0.542
